NAME	RUNID	EVENTID	START	EVENTMJD	I3TYPE	RA	DEC	RA_ERR_PLUS	RA_ERR_MINUS	DEC_ERR_PLUS	DEC_ERR_MINUS	ENERGY	FAR	SIGNAL	CASCADE_SCR	SKIMMING_SCR	START_SCR	STOP_SCR	THRGOING_SCR	CR_VETO	OTHER_I3TYPES
"IC110514A"	118178	17334444	2011-05-14 01:32:22.654109	55695.06415108922	"gfu-gold"	138.47	-1.94	6.68	3.78	0.97	1.12	187.0	1.3	0.508	3.46e-07	4.48e-07	0.0811	4.65e-05	0.919	"FALSE"	"None"
"IC110610A"	118309	46569873	2011-06-10 10:13:33.147086	55722.42607809128	"gfu-gold"	272.55	35.64	1.67	2.42	1.3	1.05	294.0	0.25	0.75	3.37e-10	3.99e-11	1.2e-06	0.000129	1.0	"FALSE"	"gfu-bronze"
"IC110616A"	118342	24578488	2011-06-16 17:30:53.939961	55728.72979097178	"gfu-bronze"	71.15	5.38	1.41	2.07	0.79	0.9	109.0	4.34	0.257	7.82e-09	1.32e-07	5.16e-05	1.83e-05	1.0	"FALSE"	"None"
"IC110714A"	118435	58198553	2011-07-14 02:42:41.855488	55756.11298443852	"hese-gold"	68.2	40.67	0.31	1.1	0.44	0.44	72.0	0.11	0.778	4.33e-05	1.1e-05	0.876	1.81e-05	0.124	"FALSE"	"hese-bronze"
"IC110726A"	118475	52691508	2011-07-26 12:15:33.258167	55768.51080159916	"gfu-bronze"	151.08	6.99	1.19	1.71	0.98	0.83	160.0	1.92	0.396	0.05	1.39e-06	0.946	0.000202	0.00382	"FALSE"	"None"
"IC110807A"	118539	54350726	2011-08-07 23:30:46.455764	55780.97970434913	"gfu-bronze"	336.8	1.53	1.36	1.98	0.93	0.78	108.0	4.45	0.266	6.02e-07	3.43e-08	0.00188	8.68e-05	0.998	"FALSE"	"None"
"IC110818A"	118576	45696357	2011-08-18 16:31:38.773427	55791.68864321097	"gfu-bronze"	332.45	-2.09	0.97	1.23	0.93	0.9	123.0	2.85	0.34	3.01e-06	5.15e-12	1.0	1.14e-09	3.38e-07	"FALSE"	"None"
"IC110902A"	118631	36844560	2011-09-02 02:12:46.331046	55806.09220290563	"gfu-gold"	9.76	7.59	2.86	1.32	0.87	0.86	243.0	0.74	0.609	2.21e-07	2.81e-07	0.00121	1.02e-05	0.999	"FALSE"	"gfu-bronze"
"IC110907A"	118660	61529737	2011-09-07 19:04:14.783520	55811.79461555	"gfu-gold"	196.08	9.4	3.91	2.68	1.55	1.06	186.0	1.15	0.506	6.13e-06	3.6e-09	1.0	9.41999999999999e-09	0.000146	"FALSE"	"gfu-bronze"
"IC110929A"	118738	995844	2011-09-29 06:15:04.217922	55833.26046548522	"gfu-bronze"	121.45	50.04	1.34	1.29	0.24	0.15	158.0	0.27	0.521	1.31e-06	9.41e-12	1.0	2.02e-10	1.45e-08	"FALSE"	"None"
"IC110930A"	118741	43101116	2011-09-30 10:40:59.790881	55834.44513646853	"gfu-bronze"	267.01	-4.44	1.19	1.14	0.6	0.79	160.0	1.53	0.429	4.21e-07	2.57e-10	1.0	1.2e-07	0.000362	"FALSE"	"None"
"IC111012A"	118778	61465314	2011-10-12 20:48:17.616683	55846.86687056347	"gfu-bronze"	172.13	44.7	1.4	1.39	0.79	0.45	115.0	0.57	0.434	9.51e-14	1.02e-07	8.37e-08	2e-09	1.0	"FALSE"	"None"
"IC111120A"	118973	22324184	2011-11-20 23:03:53.883437	55885.96104031756	"gfu-bronze"	26.06	9.82	1.89	3.16	1.4	1.36	159.0	1.61	0.42	0.00011	6.38e-10	1.0	2.52e-08	2.23e-06	"FALSE"	"None"
"IC111120B"	118973	25391094	2011-11-20 23:21:37.846270	55885.97335470221	"gfu-bronze"	356.84	-11.99	0.53	0.62	0.23	0.27	4969.0	0.6	0.292	1.46e-05	9.10999999999999e-06	0.000279	0.000298	0.999	"TRUE"	"None"
"IC111208A"	119097	49522606	2011-12-08 17:15:15.376889	55903.71892797326	"gfu-bronze"	165.19	38.49	7.03	4.13	3.67	3.49	123.0	0.4	0.446	2.38e-10	3.58e-08	2.98e-05	9.98e-05	1.0	"FALSE"	"None"
"IC111209A"	119101	32538906	2011-12-09 10:57:56.297881	55904.45690159585	"gfu-bronze"	99.98	20.42	1.19	2.02	1.6	2.02	108.0	2.64	0.335	1.95e-08	2.15e-10	1.0	4.19e-09	0.000149	"FALSE"	"None"
"IC111213A"	119125	14422170	2011-12-13 09:32:43.337841	55908.39772381761	"gfu-bronze"	247.85	0.56	1.71	1.58	1.46	1.42	164.0	1.81	0.408	1.61e-07	2e-08	0.000461	1.8e-05	1.0	"FALSE"	"None"
"IC111216A"	119136	66932419	2011-12-16 06:38:39.885890	55911.27685053114	"gfu-gold"	36.74	18.88	1.8	2.24	2.46	2.82	891.0	0.15	0.946	3.14e-12	9.74e-09	9.09999999999999e-06	1.61e-06	1.0	"FALSE"	"gfu-bronze"
"IC111218A"	119146	28561103	2011-12-18 08:03:00.974065	55913.33542794057	"gfu-bronze"	26.85	7.03	3.69	4.66	4.04	5.2	157.0	1.91	0.397	1.93e-06	9.4e-06	0.0102	0.86	0.13	"FALSE"	"None"
"IC120301A"	119739	41603205	2012-03-01 19:21:57.308024	55987.80691328732	"gfu-gold"	237.96	18.76	0.53	0.62	0.47	0.51	433.0	0.56	0.825	2.79e-06	7.35e-08	0.975	6.81e-07	0.0247	"FALSE"	"ehe-gold,gfu-bronze"
"IC120426A"	120027	12133428	2012-04-26 09:58:04.228482	56043.41532671855	"gfu-bronze"	183.56	0.52	2.15	2.02	0.86	0.71	109.0	4.28	0.274	9.09999999999999e-08	2.59e-07	0.00197	4.31e-05	0.998	"FALSE"	"None"
"IC120501A"	120045	22615214	2012-05-01 13:41:24.365466	56048.5704208966	"hese-gold"	165.37	-71.51	7.01	5.36	3.53	2.68	85.0	1.88	0.464	0.000113	0.000613	0.0121	0.000465	0.987	"FALSE"	"hese-bronze"
"IC120515A"	120157	59255331	2012-05-15 23:00:59.271299	56062.95901934374	"gfu-gold"	198.94	32.0	1.71	1.41	0.97	1.09	194.0	0.63	0.613	5e-05	3.36e-11	1.0	7.2e-13	1.89e-10	"FALSE"	"gfu-bronze"
"IC120523A"	120185	63879322	2012-05-23 13:46:57.999757	56070.5742824046	"ehe-gold"	171.08	26.44	0.66	1.41	0.46	0.37	213.0	1.44	0.525	4.58e-10	4.54e-06	1.54e-05	1.44e-07	1.0	"FALSE"	"gfu-bronze"
"IC120523B"	120186	1306178	2012-05-23 15:19:39.523361	56070.63865189075	"gfu-bronze"	343.78	15.48	4.92	4.48	2.38	1.54	168.0	1.25	0.49	1.49e-10	1.92e-08	5.48e-05	4.13e-06	1.0	"FALSE"	"None"
"IC120529A"	120205	73761892	2012-05-29 13:01:50.621557	56076.54294700876	"gfu-bronze"	176.48	22.87	6.64	5.93	2.7	1.77	126.0	1.6	0.416	3.7e-10	0.00679	3.77e-05	3.39e-05	0.993	"FALSE"	"None"
"IC120601A"	120244	21476686	2012-06-01 07:20:01.379962	56079.30557152734	"gfu-bronze"	119.31	14.79	2.02	0.92	0.62	0.73	137.0	1.87	0.395	1.29e-11	2.74e-08	3.6e-05	1.12e-07	1.0	"FALSE"	"None"
"IC120605A"	120260	65493286	2012-06-05 15:42:33.896457	56083.65455898678	"gfu-bronze"	152.58	36.38	1.89	2.42	1.54	1.47	107.0	1.26	0.385	2.6e-13	1.57e-10	2.25e-05	0.000149	1.0	"FALSE"	"None"
"IC120611A"	120309	20451977	2012-06-11 08:44:24.257649	56089.36416964872	"gfu-bronze"	39.95	-15.09	0.26	0.26	0.19	0.31	9220.0	0.41	0.244	1.81e-05	9.69e-05	0.000398	6.23e-05	0.999	"TRUE"	"None"
"IC120807A"	120535	24248640	2012-08-07 04:58:17.469606	56146.20714663897	"gfu-gold"	330.07	1.42	0.83	0.83	0.6	0.45	373.0	0.37	0.744	1.5e-07	9.72e-07	0.000993	0.00112	0.998	"FALSE"	"gfu-bronze"
"IC120916A"	120680	12284754	2012-09-16 07:19:38.340442	56186.30530486623	"gfu-gold"	182.24	3.88	1.36	1.71	0.67	0.82	174.0	1.6	0.438	1.3e-07	6.27e-08	0.00513	2.11e-05	0.995	"FALSE"	"gfu-bronze"
"IC120922A"	120708	53550535	2012-09-22 13:11:02.308139	56192.54933227013	"ehe-gold"	70.62	19.79	1.49	1.27	0.91	0.71	143.0	1.8	0.426	2.5e-07	1.06e-05	0.00589	8.6e-06	0.994	"FALSE"	"None"
"IC121011A"	120798	20915945	2012-10-11 18:30:09.362411	56211.77094169458	"gfu-gold"	205.14	-2.28	0.66	0.7	0.52	0.56	481.0	0.23	0.842	9.19e-07	2.12e-07	0.00126	7.44e-05	0.999	"FALSE"	"ehe-gold,gfu-bronze"
"IC121026A"	120860	64513030	2012-10-26 14:23:16.473385	56226.59949621974	"gfu-gold"	169.8	27.91	1.32	1.41	0.85	0.88	961.0	0.16	0.926	1.22e-14	1.96e-09	1.2e-07	1.26e-05	1.0	"FALSE"	"gfu-bronze"
"IC121103A"	120884	64276946	2012-11-03 12:10:49.790571	56234.5075207242	"gfu-bronze"	123.18	6.05	0.92	0.97	0.64	0.56	112.0	3.88	0.276	5.39e-07	8.57e-07	0.00369	7.44999999999999e-05	0.996	"FALSE"	"None"
"IC121115A"	120935	29325450	2012-11-15 07:55:42.250810	56246.33035012512	"gfu-bronze"	225.7	8.88	1.01	1.19	0.94	0.95	116.0	2.82	0.319	8.44e-07	4e-08	0.157	4.47e-05	0.842	"FALSE"	"None"
"IC130125A"	121761	41853263	2013-01-25 06:22:37.542926	56317.26571230239	"gfu-bronze"	7.67	74.14	6.46	5.92	3.36	2.82	165.0	0.25	0.531	9.59e-07	8.55e-10	1.0	7.32e-09	3.08e-06	"FALSE"	"None"
"IC130125B"	121762	56963417	2013-01-25 15:48:58.165501	56317.65900654516	"gfu-bronze"	280.46	-1.9	1.89	2.33	0.93	0.82	114.0	3.54	0.31	1e-06	1.78e-06	0.0105	0.00011	0.989	"FALSE"	"None"
"IC130127A"	121769	40349510	2013-01-27 06:43:11.019171	56319.27998864782	"gfu-gold"	352.97	-1.98	1.32	1.01	0.97	0.9	235.0	0.65	0.61	2.91e-06	2.17e-07	0.00167	0.000384	0.998	"FALSE"	"gfu-bronze"
"IC130208A"	121840	62872761	2013-02-08 02:54:50.012168	56331.12141217788	"gfu-bronze"	48.38	-13.32	0.31	0.31	0.23	0.23	2268.0	0.46	0.317	8.12e-08	4.5e-07	0.000254	3.44e-06	1.0	"TRUE"	"None"
"IC130316A"	122055	5809789	2013-03-16 17:39:49.756993	56367.7359925578	"gfu-bronze"	303.41	54.68	2.98	3.55	1.77	1.59	105.0	0.72	0.377	1.61e-15	2.06e-09	5.75e-09	6.67e-10	1.0	"FALSE"	"None"
"IC130318A"	122060	56194427	2013-03-18 06:49:44.063568	56369.28453777279	"gfu-bronze"	13.45	20.62	0.79	0.88	1.44	0.99	106.0	2.83	0.327	1.95e-07	5.26e-09	0.998	2.96e-08	0.00196	"FALSE"	"None"
"IC130408A"	122152	30701331	2013-04-08 04:31:50.097918	56390.18877428146	"hese-gold"	167.83	20.66	2.64	3.96	1.28	0.99	65.0	0.73	0.525	2.28e-05	2.99e-09	1.0	4.11e-10	4.01e-08	"FALSE"	"hese-bronze"
"IC130408B"	122154	6905361	2013-04-08 18:12:01.814422	56390.75835433359	"gfu-bronze"	7.38	4.22	4.88	8.04	4.73	3.58	163.0	1.88	0.395	3.7e-11	3.07e-09	4.86e-05	1.26e-06	1.0	"FALSE"	"None"
"IC130409A"	122160	52726834	2013-04-09 23:34:38.727742	56391.98239268221	"gfu-bronze"	163.56	29.44	2.68	2.5	4.38	3.46	115.0	1.54	0.411	6.89e-14	4.05e-07	2.19e-09	2.27e-07	1.0	"FALSE"	"None"
"IC130508A"	122316	49995489	2013-05-08 15:23:19.458615	56420.64119743768	"gfu-bronze"	337.76	26.24	3.21	2.02	2.69	1.9	140.0	1.14	0.452	7.49e-13	1.64e-08	2.23e-08	3.04e-06	1.0	"FALSE"	"None"
"IC130509A"	122318	21601607	2013-05-09 04:27:35.818504	56421.18583123269	"gfu-bronze"	317.5	2.09	1.76	1.85	1.19	1.34	105.0	4.96	0.249	2.07e-07	1.33e-07	0.000867	0.000322	0.999	"FALSE"	"None"
"IC130519A"	122361	46565711	2013-05-19 11:35:18.569648	56431.48285381537	"gfu-bronze"	45.35	23.85	3.12	1.49	1.15	0.89	110.0	2.17	0.364	2.12e-11	6.05e-08	2.22e-05	2.12e-05	1.0	"FALSE"	"None"
"IC130531A"	122469	31925079	2013-05-31 13:21:58.315646	56443.55692494961	"gfu-bronze"	164.18	6.32	2.42	2.15	1.32	1.27	143.0	2.71	0.351	4.92e-06	4.09e-08	0.17	5.25e-05	0.83	"FALSE"	"None"
"IC130627A"	122604	17469985	2013-06-27 02:38:57.792023	56470.11039111138	"gfu-gold"	93.74	14.17	1.01	1.14	1.23	1.04	851.0	0.22	0.938	3.84e-05	2.15e-06	0.945	1.74e-05	0.055	"FALSE"	"hese-gold"
"IC130627B"	122605	60656774	2013-06-27 10:13:17.887813	56470.42590147932	"gfu-bronze"	155.35	3.73	3.87	2.37	1.72	1.42	122.0	3.51	0.309	6.1e-08	2.26e-07	0.00494	5.6e-05	0.995	"FALSE"	"None"
"IC130711A"	122663	58987459	2013-07-11 12:42:57.619644	56484.5298335607	"gfu-bronze"	77.87	-2.43	2.59	1.19	1.34	1.12	165.0	1.67	0.426	7.61999999999999e-08	3.25e-09	0.00607	7.71e-05	0.994	"FALSE"	"None"
"IC130731A"	122768	38570780	2013-07-31 01:44:12.780217	56504.07237014141	"gfu-bronze"	122.87	6.32	2.29	4.35	3.24	2.4	122.0	3.11	0.319	6.63e-07	5.26e-11	1.0	2.44e-10	2.65e-07	"FALSE"	"None"
"IC130801A"	122772	38615684	2013-08-01 06:09:01.590266	56505.25626840586	"gfu-bronze"	214.98	7.75	4.35	4.0	1.24	1.2	110.0	3.44	0.28	7.42e-11	2.06e-08	1.36e-05	1.11e-06	1.0	"FALSE"	"None"
"IC130804A"	122793	12516001	2013-08-04 19:33:03.083424	56508.81461902112	"gfu-bronze"	129.02	13.36	1.14	1.54	1.08	1.68	113.0	2.34	0.328	4.57e-08	1.67e-07	0.00113	2.41e-05	0.999	"FALSE"	"None"
"IC130808A"	122818	16944987	2013-08-08 08:09:00.253298	56512.33958626503	"gfu-bronze"	26.59	9.22	1.14	1.23	0.91	0.87	111.0	3.08	0.294	1.12e-07	5.99e-08	0.00858	5.03e-05	0.991	"FALSE"	"None"
"IC130822A"	122895	69011827	2013-08-22 09:48:20.016609	56526.40856500706	"gfu-bronze"	91.32	0.56	1.19	1.19	0.78	0.63	115.0	3.7	0.301	3.76e-08	3.53e-08	3.69e-05	6.77e-05	1.0	"FALSE"	"None"
"IC130907A"	122973	6578595	2013-09-07 19:02:03.768406	56542.79309917137	"ehe-gold"	130.17	-10.54	0.48	0.31	0.27	0.3	890.0	0.44	0.322	2.83e-06	3.58e-07	0.174	2.88e-05	0.826	"TRUE"	"None"
"IC131014A"	123107	8144529	2013-10-14 21:49:15.813332	56579.90921080246	"gfu-gold"	32.92	10.28	0.88	0.7	0.42	0.57	293.0	0.67	0.665	1.63e-09	1.68e-08	5.89e-05	2.1e-05	1.0	"FALSE"	"gfu-bronze"
"IC131023A"	123145	34573112	2013-10-23 13:24:14.912116	56588.55850592728	"ehe-gold"	301.9	11.61	1.01	1.05	1.14	1.29	211.0	1.68	0.59	0.000752	5.11e-07	0.999	2.31e-07	0.000357	"FALSE"	"gfu-bronze"
"IC131108A"	123228	40504010	2013-11-08 13:15:45.648572	56604.55261167329	"gfu-bronze"	342.73	41.81	1.54	1.58	1.4	0.89	153.0	0.22	0.502	4.94e-18	5.68e-09	9.73999999999999e-11	1.44e-07	1.0	"FALSE"	"None"
"IC131112A"	123240	49730417	2013-11-12 00:44:59.433339	56608.03124344143	"gfu-bronze"	129.24	-17.27	0.26	0.26	0.16	0.16	7006.0	0.19	0.272	5.53e-06	5.09e-05	5.92e-05	0.000349	1.0	"FALSE"	"None"
"IC131124A"	123281	52248792	2013-11-24 03:28:52.708420	56620.14505449561	"gfu-gold"	285.16	19.47	2.2	1.54	1.43	1.46	180.0	0.97	0.553	2.59e-13	1.23e-09	2.03e-07	2.9e-07	1.0	"FALSE"	"gfu-bronze"
"IC131204A"	123334	75182550	2013-12-04 11:16:54.259679	56630.47007245	"ehe-gold"	288.98	-14.21	1.1	0.83	0.77	1.31	259.0	1.06	0.196	9.92e-06	1.14e-06	0.00976	0.00014	0.99	"FALSE"	"None"
"IC140101A"	123620	47444787	2014-01-01 09:41:33.818883	56658.40386364448	"gfu-gold"	192.26	-2.69	2.07	2.37	1.01	0.71	200.0	0.95	0.56	5.45e-07	2.3e-07	0.0327	2.87e-05	0.967	"FALSE"	"gfu-bronze"
"IC140103A"	123662	27529428	2014-01-03 21:15:30.083436	56660.88576485459	"gfu-bronze"	37.9	78.97	25.61	27.3	5.86	9.97	125.0	0.41	0.419	2.04e-10	1.77e-05	9.75999999999999e-09	3.57e-05	1.0	"FALSE"	"None"
"IC140108A"	123751	34239163	2014-01-08 07:23:22.303219	56665.307897028	"ehe-gold"	344.66	1.57	0.53	0.48	0.37	0.34	214.0	1.45	0.693	7.12e-06	1.5e-06	0.00487	0.000522	0.995	"FALSE"	"gfu-bronze"
"IC140109A"	123762	72626160	2014-01-09 12:04:18.007790	56666.50298620128	"gfu-gold"	293.12	33.02	0.79	1.19	0.45	0.53	924.0	0.15	0.927	7.87e-11	2.03e-08	3.36e-06	1.4e-05	1.0	"FALSE"	"ehe-gold,gfu-bronze"
"IC140114A"	123867	11659459	2014-01-14 21:04:09.509642	56671.87788784308	"hese-bronze"	337.59	0.71	0.57	0.92	0.97	0.86	54.0	0.97	0.335	0.0016	1.73e-07	0.998	4.58e-08	1.36e-07	"FALSE"	"None"
"IC140122A"	123986	63557286	2014-01-22 03:32:21.706431	56679.14747345406	"gfu-bronze"	138.82	37.45	3.52	10.11	1.95	2.09	131.0	0.36	0.458	3.1e-11	3.28e-08	0.000761	0.000355	0.999	"FALSE"	"None"
"IC140122B"	123986	77999595	2014-01-22 04:54:27.057609	56679.20447983344	"hese-gold"	220.29	-86.07	8.94	8.37	0.59	0.64	374.0	0.15	0.821	0.0278	0.164	0.0188	0.0417	0.748	"FALSE"	"None"
"IC140203A"	124136	15174527	2014-02-03 18:50:35.536592	56691.78513352538	"ehe-gold"	349.58	-13.55	2.64	2.55	1.15	1.73	685.0	0.53	0.126	2.43e-06	0.00122	7.86e-05	4.39e-05	0.999	"FALSE"	"None"
"IC140213A"	124221	76481548	2014-02-13 19:25:05.051920	56701.80908624909	"gfu-bronze"	202.59	13.06	4.79	3.21	2.31	2.52	140.0	1.79	0.394	5.92e-11	9.01e-07	1.78e-07	8.33e-08	1.0	"FALSE"	"None"
"IC140223A"	124296	49827757	2014-02-23 22:05:00.411978	56711.92014365716	"gfu-bronze"	118.83	32.58	11.87	11.87	5.68	9.83	119.0	1.33	0.43	5.08e-09	3.3e-07	3.14e-06	3.11e-05	1.0	"FALSE"	"None"
"IC140307A"	124340	19400842	2014-03-07 22:04:49.326271	56723.92001535036	"gfu-bronze"	308.06	32.93	2.68	4.61	2.71	3.23	109.0	1.18	0.396	5.2e-12	1.55e-08	1.18e-08	4.61e-06	1.0	"FALSE"	"None"
"IC140324A"	124463	35466777	2014-03-24 02:08:34.335530	56740.08928629087	"gfu-bronze"	225.7	51.06	5.67	4.65	4.0	2.87	109.0	0.74	0.403	7.23e-12	1.8e-10	2.12e-06	4.53e-05	1.0	"FALSE"	"None"
"IC140410A"	124547	66087371	2014-04-10 02:22:12.572672	56757.09875662815	"gfu-gold"	2.11	81.22	151.51	58.92	8.0	6.94	246.0	0.16	0.627	5.06e-05	4.44e-10	1.0	3.28e-09	2.42e-09	"FALSE"	"gfu-bronze"
"IC140411A"	124569	22040903	2014-04-11 13:36:08.553787	56758.56676566884	"gfu-bronze"	146.95	15.91	3.12	3.12	2.89	2.62	156.0	1.55	0.454	3.88e-06	4.52e-11	1.0	8.45e-11	1.61e-08	"FALSE"	"None"
"IC140420A"	124643	5182926	2014-04-20 20:37:28.282834	56767.85935512539	"gfu-bronze"	6.28	16.57	7.03	5.89	4.77	5.11	163.0	1.33	0.489	1.79e-09	2.8e-07	4.29e-06	1.69e-05	1.0	"FALSE"	"None"
"IC140503A"	124693	33063779	2014-05-03 22:58:06.198869	56780.95701619062	"gfu-bronze"	162.3	46.57	6.91	11.26	5.41	5.11	109.0	0.7	0.404	2.32e-07	9.69e-10	1.0	4.11e-08	0.000192	"FALSE"	"None"
"IC140603A"	124829	42577032	2014-06-03 03:25:09.109684	56811.14246654727	"gfu-bronze"	9.71	7.56	0.62	0.88	0.53	0.83	152.0	2.2	0.377	7.98e-05	1.41e-08	0.999	2.02e-06	0.000842	"FALSE"	"None"
"IC140609A"	124852	74171655	2014-06-09 15:16:24.429518	56817.63639386016	"gfu-gold"	106.26	1.31	2.68	2.15	1.05	0.86	459.0	0.3	0.815	2.26e-07	2.92e-08	0.0134	1.83e-05	0.987	"FALSE"	"gfu-bronze"
"IC140611A"	124861	32863663	2014-06-11 04:54:24.352873	56819.20444852863	"gfu-gold"	110.65	11.45	0.53	0.62	0.19	0.19	5960.0	0.15	0.997	8.39e-10	7.04e-08	4.85e-06	1.02e-05	1.0	"FALSE"	"ehe-gold,gfu-bronze"
"IC140704A"	124994	15096469	2014-07-04 07:08:47.794286	56842.29777539684	"gfu-bronze"	157.07	53.62	4.69	4.64	3.35	3.48	150.0	0.39	0.504	2.88e-07	1.14e-10	1.0	7.86e-09	3.37e-08	"FALSE"	"None"
"IC140705A"	125001	73159253	2014-07-05 16:02:55.079830	56843.66869305359	"gfu-gold"	25.88	2.54	1.85	2.99	1.79	1.75	212.0	0.94	0.559	4.11e-09	2.99e-06	5.54e-05	2.77e-05	1.0	"FALSE"	"gfu-bronze"
"IC140707A"	125011	43302321	2014-07-07 11:59:43.249272	56845.49980612584	"gfu-bronze"	240.86	14.17	3.08	2.07	1.54	1.65	167.0	1.29	0.478	5.15e-09	9.94e-08	0.00286	1.08e-05	0.997	"FALSE"	"None"
"IC140713A"	125046	64570437	2014-07-13 13:21:28.376926	56851.55657843665	"gfu-bronze"	0.79	15.6	1.14	1.19	0.89	0.66	134.0	1.95	0.391	1.53e-09	3.37e-08	0.00649	2.69e-06	0.994	"FALSE"	"None"
"IC140721A"	125071	31397276	2014-07-21 18:12:43.206053	56859.7588334034	"hese-gold"	101.82	-32.89	6.77	6.86	5.23	8.08	157.0	0.56	0.565	0.00101	0.000397	0.0154	0.00274	0.98	"FALSE"	"hese-bronze"
"IC140820A"	125205	19617837	2014-08-20 09:04:23.255702	56889.378046941	"gfu-bronze"	271.45	1.87	3.43	1.8	1.42	1.46	108.0	4.42	0.267	1.3e-07	2.49e-06	1.07e-05	0.000483	1.0	"FALSE"	"None"
"IC140923A"	125338	65606123	2014-09-23 17:18:23.254828	56923.72110248644	"ehe-gold"	169.72	-1.6	0.7	0.83	0.52	0.3	209.0	1.41	0.241	2.79e-07	1.2e-06	2.34e-05	0.000146	1.0	"FALSE"	"gfu-bronze"
"IC140927A"	125349	12316485	2014-09-27 03:51:37.115263	56927.16084624148	"gfu-gold"	50.89	-0.63	3.91	5.14	1.49	1.42	182.0	1.44	0.481	4.67e-06	5.97e-11	1.0	1.44e-09	6.13e-08	"FALSE"	"gfu-bronze"
"IC141012A"	125422	26630854	2014-10-12 18:01:14.945449	56942.75086742418	"gfu-bronze"	63.85	3.21	2.24	1.36	0.9	1.08	173.0	1.62	0.436	1.56e-09	8.56e-08	6.35e-05	1.27e-06	1.0	"FALSE"	"None"
"IC141110A"	125544	54236696	2014-11-10 07:07:19.873430	56971.29675779433	"gfu-bronze"	253.43	6.43	0.83	1.1	0.71	0.68	113.0	3.65	0.286	5.66e-07	2.74e-08	0.301	5.64e-06	0.699	"FALSE"	"None"
"IC141114A"	125558	19184163	2014-11-14 06:09:53.743831	56975.25687203509	"gfu-bronze"	221.48	28.0	4.53	2.29	2.31	2.3	110.0	1.93	0.38	1.61e-10	9.4e-07	1.93e-07	9.82e-05	1.0	"FALSE"	"None"
"IC141208A"	125693	21174828	2014-12-08 16:02:29.697036	56999.66839927126	"gfu-bronze"	246.36	17.23	1.76	1.89	1.29	1.09	109.0	2.53	0.331	1.42e-07	4.28e-07	0.0128	0.000432	0.987	"FALSE"	"None"
"IC141210A"	125709	6405911	2014-12-10 20:20:47.527766	57001.84777231211	"gfu-bronze"	318.12	1.57	2.33	1.93	1.57	1.72	154.0	2.39	0.373	6.34e-07	1.97e-10	1.0	1.22e-09	4.04e-07	"FALSE"	"None"
"IC141221A"	125757	12938244	2014-12-21 09:50:45.605381	57012.41025006228	"gfu-bronze"	179.08	-1.94	0.88	1.1	0.71	0.82	134.0	2.69	0.35	2.2e-06	1.45e-08	0.398	5.08e-05	0.602	"FALSE"	"None"
"IC150102A"	125796	16042897	2015-01-02 19:06:36.876661	57024.79626014654	"gfu-bronze"	318.74	2.91	3.96	1.27	0.34	0.49	126.0	3.38	0.317	1.02e-07	3.07e-06	0.00297	1.44e-05	0.997	"FALSE"	"None"
"IC150104A"	125800	83097666	2015-01-04 09:34:31.074301	57026.39897076738	"gfu-bronze"	272.11	28.76	1.71	1.54	2.41	1.86	133.0	1.13	0.448	1.82e-11	8.34e-09	9.18e-08	3.79e-06	1.0	"FALSE"	"None"
"IC150118A"	125929	11025256	2015-01-18 12:13:36.885319	57040.5094546912	"gfu-bronze"	152.53	4.33	1.54	2.72	0.71	0.86	156.0	2.3	0.374	7.83e-10	1.7e-09	0.000236	7.89e-06	1.0	"FALSE"	"None"
"IC150119A"	125934	55750717	2015-01-19 08:50:58.363915	57041.36873106383	"gfu-bronze"	286.92	6.43	1.36	1.27	0.6	0.53	140.0	2.76	0.347	2.4e-09	3.89e-10	0.00424	4.02e-06	0.996	"FALSE"	"None"
"IC150120A"	125940	7449833	2015-01-20 23:37:54.917624	57042.98466339843	"gfu-bronze"	95.89	14.13	1.19	1.36	0.5	0.5	113.0	2.35	0.336	1.58e-07	3.02e-09	0.0358	1.03e-05	0.964	"FALSE"	"None"
"IC150127A"	125968	61389842	2015-01-27 11:33:00.140709	57049.48125162859	"gfu-gold"	100.37	4.59	1.36	1.63	0.79	0.67	293.0	0.44	0.661	1.18e-06	2.74e-08	0.194	4.38e-05	0.806	"FALSE"	"gfu-bronze"
"IC150129A"	125973	80686964	2015-01-29 05:27:30.695663	57051.22743860722	"gfu-bronze"	358.51	6.39	3.91	6.55	3.16	3.67	130.0	2.88	0.334	3.63e-07	6.97e-07	0.000897	0.00039	0.999	"FALSE"	"None"
"IC150224A"	126082	40384770	2015-02-24 23:59:26.635410	57077.99961383577	"gfu-bronze"	237.75	55.11	8.26	2.26	3.38	3.03	106.0	0.64	0.379	4.21e-06	3.14e-10	1.0	2.94e-10	8.95e-09	"FALSE"	"None"
"IC150313A"	126148	74589372	2015-03-13 07:41:37.870059	57094.32057719976	"gfu-bronze"	127.05	-3.36	1.76	2.07	0.75	0.75	107.0	3.78	0.292	1.53e-07	1.12e-10	1.0	9.69999999999999e-09	5.36e-07	"FALSE"	"None"
"IC150428A"	126308	20883844	2015-04-28 14:10:43.746000	57140.59078409722	"gfu-bronze"	31.07	15.02	4.04	6.42	1.94	1.42	109.0	2.58	0.321	1.47e-09	8.4e-08	5.61e-06	1.05e-05	1.0	"FALSE"	"None"
"IC150515A"	126370	61611641	2015-05-15 22:35:50.906211	57157.94156141448	"gfu-gold"	91.49	12.14	0.92	0.75	0.53	0.5	401.0	0.56	0.768	1.69e-06	3.75e-12	1.0	1.02e-10	2.13e-08	"FALSE"	"gfu-bronze"
"IC150526A"	126405	50771014	2015-05-26 00:24:27.042891	57168.01697966309	"gfu-bronze"	139.79	-1.49	2.46	2.99	0.9	1.01	108.0	4.2	0.282	1.3e-08	5.03e-07	1.58e-05	0.000109	1.0	"FALSE"	"None"
"IC150601A"	126423	50123696	2015-06-01 00:26:11.855960	57174.01819277732	"gfu-bronze"	333.37	9.63	2.42	1.71	1.21	1.17	106.0	3.58	0.27	8.23e-08	3.57e-07	4.87e-05	6.92e-06	1.0	"FALSE"	"None"
"IC150609A"	126456	1581608	2015-06-09 00:38:11.482894	57182.02652179277	"gfu-bronze"	49.53	0.3	1.1	1.1	0.45	0.82	118.0	3.49	0.313	2.47e-05	1.18e-05	0.000206	0.0057	0.994	"FALSE"	"None"
"IC150609B"	126456	35956042	2015-06-09 04:19:25.308069	57182.18015402858	"gfu-bronze"	245.43	0.22	1.67	1.23	1.04	0.93	116.0	3.63	0.305	3.16e-05	5.47e-10	1.0	9.85e-09	1.34e-05	"FALSE"	"None"
"IC150625A"	126514	73786337	2015-06-25 15:21:31.300386	57198.63994560632	"gfu-bronze"	71.89	0.86	4.35	4.7	2.39	1.83	112.0	3.99	0.286	4.67e-09	8.2e-08	4.74e-05	4.3e-06	1.0	"FALSE"	"None"
"IC150625B"	126515	20091930	2015-06-25 17:33:30.830767	57198.73160683759	"gfu-bronze"	306.43	19.08	2.02	2.02	0.91	1.18	154.0	1.61	0.456	2.15e-09	1.19e-08	0.00123	1.78e-06	0.999	"FALSE"	"None"
"IC150714A"	126620	19175993	2015-07-14 21:49:59.497097	57217.90971640158	"gfu-gold"	326.29	26.36	1.49	1.32	1.89	2.19	439.0	0.45	0.841	1.21e-09	6.38e-07	5.6e-05	1.42e-05	1.0	"FALSE"	"gfu-bronze"
"IC150809A"	126703	23477554	2015-08-09 07:43:40.336554	57243.32199463605	"gfu-bronze"	221.75	-17.15	0.31	0.26	0.23	0.16	11667.0	0.29	0.199	1.67e-05	6.6e-06	0.000699	0.000186	0.999	"TRUE"	"None"
"IC150812A"	126717	29833358	2015-08-12 07:37:34.478866	57246.31776017207	"gfu-bronze"	317.59	30.09	5.1	4.66	2.31	2.43	125.0	1.24	0.439	4.58e-14	1.03e-08	5.18e-10	2.35e-07	1.0	"FALSE"	"None"
"IC150812B"	126718	53509959	2015-08-12 18:13:05.354731	57246.75908975384	"gfu-gold"	328.27	6.17	0.75	0.88	0.49	0.53	508.0	0.32	0.831	1.53e-06	1.2e-07	0.00212	1.86e-05	0.998	"FALSE"	"ehe-gold,gfu-bronze"
"IC150823A"	126769	62990844	2015-08-23 14:56:32.404915	57257.62259727911	"gfu-bronze"	325.9	-2.35	3.47	4.17	2.61	2.09	133.0	2.67	0.35	3.27e-09	8.54e-08	0.000118	5.73e-06	1.0	"FALSE"	"None"
"IC150831A"	126798	67205547	2015-08-31 05:13:39.252827	57265.21781542625	"gfu-gold"	54.76	34.0	0.92	0.92	1.13	1.21	181.0	0.61	0.579	5.26e-08	5.11e-10	1.0	6.71e-11	6.33e-06	"FALSE"	"ehe-gold,gfu-bronze"
"IC150904A"	126812	38566267	2015-09-04 18:13:54.694688	57269.75966081816	"gfu-gold"	133.77	28.08	0.53	0.88	0.51	0.55	302.0	0.5	0.741	1.21e-11	2.34e-07	2.25e-06	4.4e-05	1.0	"FALSE"	"gfu-bronze"
"IC150914A"	126848	8902133	2015-09-14 20:59:54.298333	57279.87493400848	"gfu-bronze"	129.68	30.35	1.89	2.59	1.88	1.29	120.0	1.37	0.426	8.45e-09	4.42e-07	0.0226	7.45e-06	0.977	"FALSE"	"None"
"IC150918A"	126860	17477746	2015-09-18 13:05:49.606747	57283.54571304107	"gfu-bronze"	49.83	-2.95	2.5	3.74	1.35	1.34	105.0	4.1	0.28	1.3e-08	2.27e-11	1.0	2.46e-10	5.6e-07	"FALSE"	"None"
"IC150919A"	126863	14025085	2015-09-19 04:56:09.442840	57284.20566484769	"gfu-gold"	279.54	30.35	1.76	2.29	2.19	1.5	228.0	0.53	0.674	1.31e-07	4.3e-08	1.0	3.55e-12	3.47e-06	"FALSE"	"gfu-bronze"
"IC150923A"	126878	30560694	2015-09-23 00:38:34.723763	57288.0267907843	"ehe-gold"	103.23	3.96	0.7	1.14	0.6	0.75	216.0	1.55	0.334	2e-08	2.33e-08	3.81e-05	5.64e-06	1.0	"FALSE"	"gfu-bronze"
"IC150926A"	126911	6416344	2015-09-26 21:37:42.834747	57291.90119021698	"ehe-gold"	194.55	-4.56	0.79	1.23	0.93	0.64	216.0	1.5	0.296	6.44e-07	1.26e-05	2.64e-05	0.000106	1.0	"FALSE"	"gfu-bronze"
"IC151013A"	126976	9961785	2015-10-13 02:59:09.282165	57308.12441298802	"gfu-bronze"	178.72	52.37	1.11	1.15	1.11	1.11	156.0	0.3	0.516	3.65e-17	7.32e-11	6.73e-08	2.16e-06	1.0	"FALSE"	"None"
"IC151017A"	126989	59479399	2015-10-17 16:13:03.035247	57312.67572957463	"gfu-gold"	197.53	19.95	2.46	2.72	3.01	2.29	321.0	0.67	0.754	1.8e-08	2.38e-12	1.0	4.81e-13	2.84e-09	"FALSE"	"gfu-bronze"
"IC151114A"	127112	69211097	2015-11-14 20:57:49.022482	57340.87348405651	"gfu-gold"	76.16	12.71	1.36	1.36	0.65	0.73	1124.0	0.27	0.957	1.74e-06	7.1e-12	1.0	3.21e-14	1.51e-11	"FALSE"	"gfu-bronze"
"IC151122A"	127154	9907321	2015-11-22 12:45:31.067754	57348.5316095805	"gfu-gold"	262.05	-2.24	0.88	1.05	0.63	0.67	253.0	0.54	0.637	1.35e-05	1.02e-06	0.0181	4.01e-05	0.982	"FALSE"	"ehe-gold,gfu-bronze"
"IC160104A"	127357	17650073	2016-01-04 10:39:08.061718	57391.44384330693	"gfu-gold"	79.41	5.0	0.83	0.75	0.86	0.97	217.0	0.9	0.566	1.87e-05	7.48e-06	0.0026	0.00507	0.992	"FALSE"	"gfu-bronze"
"IC160128A"	127495	54505431	2016-01-28 04:24:10.787820	57415.18345819237	"ehe-gold"	263.76	-14.9	1.1	1.8	1.08	1.2	583.0	0.58	0.146	1.69e-07	6.32e-07	1.24e-05	1.34e-05	1.0	"FALSE"	"None"
"IC160225A"	127603	48070937	2016-02-25 21:07:46.048055	57443.88039407472	"gfu-gold"	311.87	60.06	2.18	1.78	1.65	1.37	188.0	0.15	0.596	9.66e-09	3.85e-11	1.0	2.32e-10	7.19e-06	"FALSE"	"gfu-bronze"
"IC160307A"	127650	18431575	2016-03-07 16:43:11.247718	57454.69665795971	"gfu-bronze"	91.32	10.47	7.08	8.66	2.74	4.45	106.0	3.15	0.28	1.4e-10	2.53e-05	5.38e-06	1.39e-07	1.0	"FALSE"	"None"
"IC160331A"	127742	55820225	2016-03-31 13:33:50.815208	57478.56517147233	"gfu-gold"	151.22	15.48	0.66	0.66	0.66	0.73	492.0	0.46	0.851	2.39e-10	5.4e-10	0.000168	5.57e-07	1.0	"FALSE"	"gfu-bronze"
"IC160410A"	127790	45902607	2016-04-10 17:37:41.041108	57488.7345027906	"gfu-bronze"	235.63	-4.07	1.23	1.45	1.31	0.86	131.0	2.28	0.367	4.34e-07	3.25e-09	0.00142	9.44e-05	0.998	"FALSE"	"None"
"IC160427A"	127853	67093193	2016-04-27 05:52:32.241010	57505.24481760429	"hese-bronze"	240.29	9.71	0.44	0.48	0.57	0.42	85.0	0.23	0.451	0.000124	2.03e-07	1.0	8.98e-07	7.83e-05	"FALSE"	"None"
"IC160510A"	127910	25056152	2016-05-10 15:56:05.517623	57518.66395275027	"ehe-gold"	352.88	1.9	1.76	1.45	0.75	0.67	208.0	1.4	0.393	5.26e-06	8.34e-07	0.148	8.93e-05	0.852	"FALSE"	"gfu-bronze"
"IC160612A"	128034	69069846	2016-06-12 10:25:22.907263	57551.43429290814	"gfu-bronze"	16.52	4.67	0.88	0.18	1.87	0.52	106.0	4.74	0.249	5.73e-08	4.38e-09	0.0137	0.000118	0.986	"FALSE"	"None"
"IC160614A"	128065	17929326	2016-06-14 12:37:43.353524	57553.52619622136	"gfu-bronze"	214.76	40.82	3.16	4.13	3.33	3.98	112.0	0.89	0.413	2.5e-14	5.63e-08	5.62e-11	3.76e-07	1.0	"FALSE"	"None"
"IC160615A"	128067	65335330	2016-06-15 09:42:12.380383	57554.40430995815	"gfu-bronze"	304.32	12.64	1.63	1.05	1.33	1.34	150.0	1.64	0.41	2.61e-10	1.28e-08	8.16e-07	1.8e-05	1.0	"FALSE"	"None"
"IC160707A"	128209	54386016	2016-07-07 04:01:52.756417	57576.1679717178	"gfu-bronze"	351.43	0.6	1.54	2.29	0.82	1.12	110.0	4.15	0.278	1.12e-07	8.2e-08	0.000581	8.32e-05	0.999	"FALSE"	"None"
"IC160720A"	128253	44251618	2016-07-20 21:55:28.812314	57589.9135279203	"gfu-bronze"	60.25	29.23	10.72	8.88	5.32	5.87	108.0	2.07	0.368	8.78e-13	1.41e-08	1.83e-08	1.76e-07	1.0	"FALSE"	"None"
"IC160727A"	128278	49218472	2016-07-27 08:15:33.434618	57596.34413697475	"gfu-bronze"	113.12	14.67	1.93	1.54	1.08	1.12	105.0	3.02	0.296	3.19e-07	7.79e-12	1.0	4.98e-11	1.48e-08	"FALSE"	"None"
"IC160731A"	128290	6888376	2016-07-31 01:55:03.535065	57600.07990202622	"hese-bronze"	214.58	-0.3	0.53	0.57	0.45	0.67	98.0	0.33	0.441	0.00378	4.96e-08	0.996	3.16e-07	1.57e-07	"FALSE"	"None"
"IC160731B"	128292	15195696	2016-07-31 18:50:13.555234	57600.78487911152	"gfu-bronze"	312.63	20.07	3.74	3.21	2.56	2.13	118.0	2.08	0.385	1.39e-11	2.06e-08	2.17e-07	6.76e-06	1.0	"FALSE"	"None"
"IC160806A"	128311	26552458	2016-08-06 12:21:32.803195	57606.51496299994	"gfu-gold"	122.78	-0.71	0.88	1.23	0.56	0.56	219.0	0.82	0.578	1.39e-06	5.17e-06	2.23e-05	0.000198	1.0	"FALSE"	"ehe-gold,gfu-bronze"
"IC160812A"	128334	9739548	2016-08-12 16:25:10.852722	57612.68415338799	"gfu-bronze"	86.99	48.83	15.29	15.29	9.95	10.0	160.0	0.22	0.527	3.88e-13	2.88e-08	1.09e-09	2.94e-06	1.0	"FALSE"	"None"
"IC160814A"	128340	58537957	2016-08-14 21:45:54.074801	57614.90687586575	"hese-gold"	200.04	-32.13	3.12	2.68	1.75	1.24	263.0	0.56	0.607	8.24e-07	1.37e-09	1.0	4.48e-10	5.41e-07	"FALSE"	"hese-bronze"
"IC160924A"	128547	14557367	2016-09-24 17:47:08.158133	57655.74106664507	"gfu-gold"	241.13	1.34	4.92	5.89	3.4	2.8	191.0	1.25	0.508	6.55e-09	2.45e-08	7.52e-05	1.8e-05	1.0	"FALSE"	"gfu-bronze"
"IC161001A"	128567	21044380	2016-10-01 10:32:23.868419	57662.43916514374	"gfu-gold"	192.57	37.12	2.5	2.07	1.51	2.49	204.0	0.35	0.639	6.18e-08	7.99e-09	0.981	1.73e-07	0.0192	"FALSE"	"gfu-bronze"
"IC161012A"	128606	54200591	2016-10-12 14:42:06.646628	57673.61257692857	"gfu-gold"	190.06	-7.48	2.2	4.04	2.18	2.98	759.0	0.9	0.252	4.73e-07	5.29e-07	0.0161	4.06e-05	0.984	"FALSE"	"gfu-bronze"
"IC161021A"	128632	62194858	2016-10-21 07:25:17.915508	57682.30923513319	"gfu-bronze"	121.42	23.72	2.64	2.9	1.93	2.02	135.0	1.42	0.434	3.52e-12	3.59e-09	8.2e-09	7.37e-06	1.0	"FALSE"	"None"
"IC161027A"	128651	44166050	2016-10-27 13:40:21.218826	57688.56969003272	"gfu-bronze"	119.0	1.53	2.94	2.24	2.32	2.39	155.0	2.31	0.376	6.32e-05	1.51e-05	0.896	0.00324	0.101	"FALSE"	"None"
"IC161103A"	128672	38561326	2016-11-03 09:07:31.126582	57695.38022137248	"hese-bronze"	40.87	12.52	1.05	0.57	1.15	0.61	85.0	1.38	0.311	2.11e-07	3.51e-06	0.0185	0.00046	0.981	"FALSE"	"None"
"IC161117A"	128755	32356079	2016-11-17 07:58:04.213432	57709.33199321103	"gfu-gold"	78.66	1.6	1.85	1.93	1.9	1.79	190.0	1.27	0.504	2.16e-08	1.86e-08	3.55e-05	6.97e-05	1.0	"FALSE"	"gfu-bronze"
"IC161125A"	128785	76992952	2016-11-25 10:19:24.426350	57717.4301438235	"gfu-bronze"	140.01	-0.11	2.15	1.19	0.75	0.86	161.0	1.94	0.403	3.21e-09	5.74e-08	9.82999999999999e-07	9.3e-06	1.0	"FALSE"	"None"
"IC161127A"	128796	26367207	2016-11-27 15:57:14.402641	57719.66475003057	"gfu-bronze"	257.55	73.27	36.46	29.23	5.71	9.96	139.0	0.35	0.453	0.000453	1.9e-07	1.0	5.71e-09	2.57e-07	"FALSE"	"None"
"IC161210A"	128906	80127519	2016-12-10 20:06:40.314168	57732.83796659917	"ehe-gold"	46.36	15.25	2.37	0.92	0.93	1.08	80.0	1.97	0.38	1.67e-05	7.31e-06	0.236	0.000393	0.763	"FALSE"	"None"
"IC161224A"	128967	17750653	2016-12-24 12:53:48.201660	57746.53736344514	"gfu-bronze"	61.79	17.78	2.5	2.37	1.46	1.56	139.0	1.93	0.417	1.9e-07	1.52e-06	0.585	3.54e-07	0.415	"FALSE"	"None"
"IC170105A"	129020	20626582	2017-01-05 03:24:22.107200	57758.14192253704	"gfu-gold"	309.95	8.16	5.01	7.56	2.0	3.34	198.0	1.05	0.535	3.49e-09	3.44e-08	0.0105	1.05e-05	0.989	"FALSE"	"gfu-bronze"
"IC170206A"	129144	66284903	2017-02-06 13:10:32.441185	57790.54898658779	"gfu-bronze"	180.35	33.2	5.23	3.82	1.85	2.16	135.0	0.91	0.462	4.82e-13	4.68e-09	1.91e-07	1.39e-08	1.0	"FALSE"	"None"
"IC170208A"	129153	11436007	2017-02-08 03:04:29.923171	57792.12812411078	"gfu-bronze"	99.67	16.84	2.59	3.3	1.6	1.55	151.0	1.66	0.431	3.89e-10	2.39e-05	8.2e-05	1.72e-05	1.0	"FALSE"	"None"
"IC170208B"	129154	45298080	2017-02-08 14:17:08.109663	57792.59523275074	"gfu-bronze"	92.81	4.59	1.23	1.05	0.94	1.16	133.0	3.23	0.328	2.63e-07	1.16e-08	0.0325	0.000106	0.967	"FALSE"	"None"
"IC170227A"	129232	51118868	2017-02-27 01:33:25.265803	57811.06487576161	"gfu-bronze"	205.09	4.26	1.89	3.96	1.09	1.12	108.0	3.91	0.267	3.23e-06	8.13e-09	1.0	6.18e-08	0.000103	"FALSE"	"None"
"IC170308A"	129267	34234803	2017-03-08 22:11:49.334925	57820.92487656164	"gfu-bronze"	155.35	5.53	2.02	1.19	0.98	0.9	107.0	4.44	0.254	8.08e-07	3.2e-06	0.00154	4.79e-05	0.998	"FALSE"	"None"
"IC170321A"	129307	80305071	2017-03-21 07:32:20.697662	57833.31412844517	"ehe-gold"	98.26	-15.06	1.32	0.92	1.04	1.2	231.0	1.15	0.242	0.000689	0.000314	0.04	0.00484	0.954	"FALSE"	"None"
"IC170422A"	129420	59928529	2017-04-22 15:29:49.188642	57865.64570820188	"gfu-bronze"	240.95	5.53	3.34	5.71	0.83	1.01	161.0	1.95	0.391	9.4e-06	2.83e-09	1.0	1.19e-07	4.51e-05	"FALSE"	"None"
"IC170427A"	129434	58903823	2017-04-27 07:31:46.026137	57870.31372715437	"gfu-bronze"	5.32	-0.6	4.48	5.27	1.75	1.23	155	2.26	0.383	1.16e-06	9.92e-07	0.0585	1.84e-05	0.941	"FALSE"	"None"
"IC170514A"	129506	21161807	2017-05-14 04:11:27.697179	57887.17462612477	"gfu-bronze"	311.97	18.6	2.2	1.23	2.1	1.1	109.0	2.53	0.338	7.07e-06	2.83e-07	0.897	8.78e-05	0.103	"FALSE"	"None"
"IC170514B"	129506	49650572	2017-05-14 07:12:13.042209	57887.3001509515	"gfu-gold"	227.37	30.65	1.23	1.1	1.4	0.99	174.0	0.82	0.553	3.64e-11	1.49e-07	3.82e-06	4.75e-05	1.0	"FALSE"	"gfu-bronze"
"IC170527A"	129550	51402681	2017-05-27 01:40:16.773943	57900.06963858731	"gfu-bronze"	178.59	26.49	2.77	3.47	3.82	3.45	124.0	1.43	0.422	2.83e-10	2.65e-07	0.00428	1.3e-05	0.996	"FALSE"	"None"
"IC170621A"	129654	8332254	2017-06-21 04:35:20.519171	57925.19120971263	"gfu-bronze"	74.97	25.08	7.25	7.78	5.57	6.2	109.0	2.13	0.367	1.56e-09	8.23e-07	8.1e-06	2.59e-05	1.0	"FALSE"	"None"
"IC170626A"	129677	55886338	2017-06-26 12:27:48.911702	57930.51931610766	"gfu-gold"	280.99	8.8	3.03	1.63	1.13	0.9	201.0	0.99	0.547	1.28e-08	2.35e-06	0.000866	1.27e-05	0.999	"FALSE"	"gfu-bronze"
"IC170704A"	129701	49353375	2017-07-04 07:01:20.847774	57938.29260240479	"gfu-gold"	230.45	23.36	1.67	1.71	1.1	0.89	195.0	0.78	0.602	4.09e-11	9.05e-08	5.07e-07	3.06e-05	1.0	"FALSE"	"gfu-bronze"
"IC170717A"	129777	67372962	2017-07-17 19:37:25.741942	57951.81765905026	"gfu-gold"	208.39	25.16	1.67	1.19	1.41	1.35	534.0	0.3	0.866	4.02e-10	1.63e-07	5.58e-07	7.22e-07	1.0	"FALSE"	"gfu-bronze"
"IC170803A"	129855	33565191	2017-08-03 02:00:44.449898	57968.08384779975	"gfu-gold"	1.1	4.63	4.48	1.76	0.41	0.41	214.0	0.93	0.561	2.54e-07	1.33e-05	0.00122	7.4e-05	0.999	"FALSE"	"gfu-bronze"
"IC170809A"	129878	40814378	2017-08-09 14:19:45.950548	57974.59705961282	"gfu-gold"	21.27	-2.28	0.75	1.05	0.6	0.67	226.0	0.69	0.598	4.73e-08	2.39e-07	1.8e-05	0.000166	1.0	"FALSE"	"gfu-bronze"
"IC170819A"	129915	72252401	2017-08-19 06:37:09.484478	57984.2758042185	"gfu-bronze"	26.98	18.88	1.85	3.03	1.11	1.1	167.0	1.21	0.509	3.16e-12	7.82e-08	1.02e-06	4.88e-07	1.0	"FALSE"	"None"
"IC170824A"	129933	32926212	2017-08-24 13:17:24.069387	57989.5537508031	"gfu-gold"	41.92	12.37	3.03	3.56	1.46	1.3	175.0	1.19	0.489	2.72e-07	1.44e-06	0.00414	0.00192	0.994	"FALSE"	"gfu-bronze"
"IC170922A"	130033	50579430	2017-09-22 20:54:30.436262	58018.87118560489	"gfu-gold"	77.43	5.79	1.14	0.75	0.64	0.41	264.0	0.6	0.631	2.62e-09	4.88e-07	2.77e-05	2.02e-05	1.0	"FALSE"	"gfu-bronze"
"IC170923A"	130034	7858514	2017-09-23 00:30:40.352771	58019.0213003793	"gfu-gold"	173.45	-2.54	2.37	2.55	0.9	1.31	202.0	0.93	0.563	1.11e-06	2.77e-08	0.00529	4.38e-05	0.995	"FALSE"	"ehe-gold,gfu-bronze"
"IC171006A"	130092	30964247	2017-10-06 07:23:14.655445	58032.3078085121	"gfu-bronze"	132.63	17.23	1.41	2.24	1.06	0.66	118.0	2.24	0.37	5.36e-07	9.94e-11	1.0	8.58e-11	4.32e-07	"FALSE"	"None"
"IC171015A"	130126	56068624	2017-10-15 01:34:30.065615	58041.06562575943	"hese-gold"	162.91	-15.48	2.99	1.71	1.62	1.98	72.0	0.3	0.554	8.81e-06	9.98999999999999e-06	0.258	0.000368	0.741	"FALSE"	"hese-bronze"
"IC171028A"	130172	52824390	2017-10-28 18:21:16.528905	58054.76477464011	"gfu-bronze"	294.52	2.05	3.56	3.38	2.2	3.21	133.0	3.0	0.337	3.91e-08	5.33e-06	1.94e-05	0.00013	1.0	"FALSE"	"None"
"IC171106A"	130214	17569642	2017-11-06 18:39:39.214416	58063.7775372039	"gfu-gold"	340.14	7.44	0.62	0.62	0.3	0.26	1573.0	0.19	0.975	5.14e-06	6.24e-08	0.0371	4.6e-05	0.963	"FALSE"	"ehe-gold,gfu-bronze"
"IC171108A"	130220	11599241	2017-11-08 18:06:50.440818	58065.75475047243	"gfu-bronze"	269.65	-20.7	0.22	0.18	0.16	0.16	20310.0	0.15	0.179	4.07e-06	0.000162	2.57e-05	0.00106	0.999	"TRUE"	"None"
"IC180117A"	130561	84363835	2018-01-17 18:03:10.563721	58135.75220559863	"hese-bronze"	206.1	3.92	1.19	1.14	0.71	0.78	85.0	0.33	0.424	5.95e-05	1.3e-08	1.0	3.99e-08	1.06e-06	"FALSE"	"None"
"IC180123A"	130588	44934051	2018-01-23 16:14:58.627895	58141.6770674525	"gfu-gold"	77.12	8.01	2.5	2.9	0.41	0.49	416.0	0.54	0.788	3.13e-09	4.04e-05	4.04e-06	4.39e-06	1.0	"FALSE"	"gfu-bronze"
"IC180125A"	130597	55489144	2018-01-25 23:25:03.522657	58143.97573521594	"gfu-bronze"	207.51	23.77	1.01	0.57	0.57	0.57	110.0	2.19	0.362	1.8e-12	1.15e-09	0.000277	5.49e-07	1.0	"FALSE"	"None"
"IC180205A"	130639	37366501	2018-02-05 00:06:04.630977	58154.00422026594	"gfu-bronze"	17.4	-10.54	1.36	0.92	0.76	0.72	113.0	0.94	0.229	2.81e-06	1.1e-06	0.000137	8.50999999999999e-05	1.0	"FALSE"	"None"
"IC180213A"	130684	80612787	2018-02-13 09:04:03.910795	58162.37782304162	"gfu-bronze"	66.97	6.09	2.46	2.59	1.95	1.72	111.0	3.93	0.273	3.83e-08	3.11e-07	0.000535	0.00114	0.998	"FALSE"	"None"
"IC180228A"	130743	25740057	2018-02-28 13:44:15.715178	58177.57240411086	"gfu-bronze"	294.79	26.4	1.85	1.71	0.79	1.12	124.0	1.41	0.424	3.79e-12	3.49e-09	3.25e-08	8.04999999999999e-06	1.0	"FALSE"	"None"
"IC180313A"	130797	67186364	2018-03-13 16:17:09.350761	58190.67858044863	"gfu-bronze"	287.18	5.53	0.75	2.46	0.34	0.26	160.0	2.01	0.388	8.12e-08	7.22e-08	0.00916	0.000156	0.991	"FALSE"	"None"
"IC180314A"	130801	16289732	2018-03-14 19:17:42.474658	58191.80396382706	"gfu-bronze"	58.71	0.78	1.89	1.67	1.01	1.01	145.0	2.61	0.36	5.7e-08	1.24e-06	6.34e-06	7.67999999999999e-06	1.0	"FALSE"	"None"
"IC180316A"	130807	3160265	2018-03-16 05:49:26.002924	58193.24266207089	"gfu-bronze"	271.71	-1.42	1.19	3.43	1.23	1.27	156.0	2.15	0.391	2.72e-05	1.4e-07	0.152	0.0114	0.836	"FALSE"	"None"
"IC180410A"	130912	76035104	2018-04-10 18:38:35.054751	58218.77679461517	"gfu-gold"	218.5	0.56	0.79	1.27	0.75	0.71	234.0	0.7	0.6	1.24e-08	3.9e-09	9.89999999999999e-05	1.11e-05	1.0	"FALSE"	"gfu-bronze"
"IC180417A"	130932	35022693	2018-04-17 06:41:03.494152	58225.2785126638	"gfu-gold"	305.73	-4.41	3.6	1.58	0.67	0.75	202.0	0.85	0.577	1.81e-05	1.1e-06	0.15	0.000107	0.85	"FALSE"	"gfu-bronze"
"IC180528A"	131096	32665194	2018-05-28 12:09:00.393219	58266.50625455115	"gfu-bronze"	312.14	0.3	1.41	2.02	0.86	1.45	110	4.2	0.278	1.29e-06	2.71e-06	0.027	1.55e-05	0.973	"FALSE"	"None"
"IC180608A"	131134	60192271	2018-06-08 14:19:31.856250	58277.59689648438	"gfu-bronze"	69.08	-1.08	1.63	1.41	0.78	0.78	158.0	2.07	0.396	1.58e-05	8.89999999999999e-07	0.00125	0.00101	0.998	"FALSE"	"None"
"IC180612A"	131145	43542963	2018-06-12 04:34:10.301490	58281.19039700799	"gfu-bronze"	338.69	3.73	5.1	5.71	2.81	3.7	107.0	4.66	0.25	2.91e-07	2.04e-06	0.00393	4.41e-05	0.996	"FALSE"	"None"
"IC180613A"	131165	9342044	2018-06-13 23:34:35.937879	58282.98236039212	"gfu-bronze"	38.06	11.53	5.84	4.26	4.15	4.91	155.0	1.57	0.415	2.1e-11	9.53e-07	2.36e-07	2.79e-06	1.0	"FALSE"	"None"
"IC180728A"	131321	73241305	2018-07-28 20:16:23.215094	58327.84471313767	"gfu-bronze"	74.14	-17.74	0.44	0.35	0.51	0.59	16952.0	0.31	0.178	1.33e-06	0.000628	3.35e-07	9.28999999999999e-05	0.999	"TRUE"	"None"
"IC180807A"	131360	57649537	2018-08-07 04:51:19.876356	58337.20231338376	"gfu-bronze"	100.37	11.15	4.0	5.05	2.98	2.12	106.0	3.3	0.276	1.04e-09	3.21e-06	8.83e-06	1.32e-05	1.0	"FALSE"	"None"
"IC180908A"	131475	34507973	2018-09-08 19:59:31.847987	58369.83300749986	"ehe-gold"	144.98	-2.39	1.49	2.2	1.16	1.12	144.0	1.83	0.3	2.71e-06	2.13e-05	0.000449	0.000361	0.999	"FALSE"	"None"
"IC180909A"	131477	57977901	2018-09-09 14:30:01.485787	58370.60418386328	"gfu-bronze"	141.37	26.94	1.05	1.27	0.88	1.0	171.0	0.83	0.533	2.77e-11	1.72e-07	1.94e-06	1.5e-05	1.0	"FALSE"	"None"
"IC180919A"	131519	27561842	2018-09-19 01:33:47.241951	58380.06513011518	"gfu-bronze"	258.4	32.84	1.49	1.49	0.94	0.75	144.0	1.02	0.478	9.36e-11	1.17e-08	0.0718	1.92e-08	0.928	"FALSE"	"None"
"IC181008A"	131602	39194539	2018-10-08 18:42:20.660304	58399.77940579056	"gfu-bronze"	77.08	1.23	2.68	3.56	1.23	1.16	108.0	4.42	0.267	3.6e-08	6.85e-07	0.00068	9.57e-06	0.999	"FALSE"	"None"
"IC181014A"	131624	12296708	2018-10-14 11:52:19.071653	58405.49466518118	"hese-bronze"	225.22	-34.95	1.36	2.64	1.22	1.79	62.0	1.88	0.386	0.00106	0.007	0.00547	0.0109	0.976	"FALSE"	"None"
"IC181023A"	131653	53411354	2018-10-23 16:37:32.652155	58414.69273902958	"ehe-gold"	270.18	-8.42	1.89	1.71	1.13	1.55	237.0	1.12	0.153	3.27e-05	1.58e-09	1.0	5.65e-08	2.22e-06	"FALSE"	"None"
"IC181023B"	131653	63430929	2018-10-23 17:39:45.658130	58414.73594511725	"gfu-bronze"	78.27	21.54	1.76	0.92	0.96	0.93	136.0	1.66	0.427	3.3e-13	1.59e-10	0.0001	4.46e-07	1.0	"FALSE"	"None"
"IC181114B"	131746	47815348	2018-11-14 22:40:17.600323	58436.94464815189	"gfu-bronze"	6.02	18.84	1.63	2.24	0.87	0.98	145.0	1.75	0.438	1.64e-09	2.21e-08	3.02e-07	0.000253	1.0	"FALSE"	"None"
"IC181120A"	131764	48222919	2018-11-20 17:00:32.202764	58442.70870605052	"gfu-gold"	25.71	11.72	5.54	5.27	2.41	4.5	188.0	0.99	0.537	6.7e-10	6.08e-07	2.7e-07	0.00011	1.0	"FALSE"	"gfu-bronze"
"IC181120B"	131767	7377802	2018-11-20 22:38:51.013745	58442.94364599242	"gfu-bronze"	324.58	51.74	7.74	9.04	6.75	9.48	173.0	0.15	0.571	2.93e-05	2.59e-10	1.0	5.33e-10	2.08e-08	"FALSE"	"None"
"IC181121A"	131768	80926380	2018-11-21 13:55:09.227828	58443.57996791468	"gfu-gold"	132.19	32.93	7.34	6.99	4.19	3.57	209.0	0.52	0.645	4.36e-11	7.32e-09	1.92e-07	5.66e-06	1.0	"FALSE"	"gfu-bronze"
"IC181212A"	131913	38717715	2018-12-12 02:02:43.856602	58464.08522982179	"hese-bronze"	316.41	-31.0	1.85	2.02	1.68	1.58	162.0	1.38	0.459	7.77999999999999e-05	0.000191	0.0011	0.00163	0.997	"FALSE"	"None"
"IC190113A"	132043	80110393	2019-01-13 02:07:28.767640	58496.08852740324	"gfu-bronze"	56.91	-0.82	1.63	1.41	0.75	0.82	156.0	2.21	0.386	7.4e-09	5.26e-07	5.41e-06	2.03e-05	1.0	"FALSE"	"None"
"IC190124A"	132077	9759013	2019-01-24 03:43:54.792182	58507.15549527989	"hese-gold"	307.44	-32.22	0.53	1.14	0.96	0.31	157.0	0.3	0.743	5.83e-05	1.74e-07	1.0	1.15e-07	1.67e-05	"FALSE"	"hese-bronze"
"IC190201A"	132128	69441226	2019-02-01 00:22:33.996833	58515.01567125964	"gfu-bronze"	245.08	38.78	0.75	0.88	0.77	0.67	163.0	0.38	0.533	2.21e-10	2.42e-13	1.0	3.95e-12	1.94e-06	"FALSE"	"None"
"IC190214A"	132206	36575563	2019-02-14 16:08:39.389780	58528.67267812246	"gfu-gold"	228.25	-4.14	0.79	0.53	0.37	0.3	348.0	0.31	0.738	4.49e-08	7.39e-09	0.0518	2.66e-05	0.948	"FALSE"	"gfu-bronze"
"IC190221A"	132229	66688965	2019-02-21 08:25:39.719320	58535.3511541588	"hese-gold"	268.59	-17.0	1.41	1.58	1.24	0.51	56.0	0.36	0.55	9.33999999999999e-05	4.43e-05	0.294	0.00377	0.702	"FALSE"	"hese-bronze"
"IC190223A"	132237	23969090	2019-02-23 20:24:04.100207	58537.85004745611	"gfu-bronze"	155.21	19.67	0.7	0.66	0.28	0.44	168.0	1.15	0.512	1.15e-09	3.68e-09	0.0093	6.51e-07	0.991	"FALSE"	"None"
"IC190317A"	132321	28454069	2019-03-17 19:57:54.268694	58559.83187810989	"gfu-bronze"	81.25	3.21	5.89	5.98	3.93	4.07	108.0	4.4	0.26	8.09e-09	2e-11	1.0	1.32e-10	7.73e-08	"FALSE"	"None"
"IC190410A"	132427	70353420	2019-04-10 10:28:19.612115	58583.43633810319	"gfu-bronze"	310.61	12.22	3.3	3.65	2.84	2.28	105.0	3.01	0.28	7.59e-08	5.31e-06	0.000232	0.0203	0.979	"FALSE"	"None"
"IC190413A"	132437	16335312	2019-04-13 10:47:58.492720	58586.44998255463	"gfu-bronze"	219.33	11.72	0.7	1.32	0.72	0.72	107.0	2.75	0.292	8.79e-06	1.08e-06	0.133	0.000791	0.866	"FALSE"	"None"
"IC190413B"	132437	67132865	2019-04-13 15:57:01.512104	58586.66460083455	"gfu-bronze"	245.57	21.98	1.23	1.49	1.21	1.44	115.0	2.01	0.383	8.75e-11	4.52e-09	2.85e-07	8.69e-06	1.0	"FALSE"	"None"
"IC190415A"	132443	12627143	2019-04-15 10:29:43.304898	58588.43730676967	"gfu-bronze"	154.86	5.27	2.94	4.7	2.48	1.95	117.0	3.64	0.298	3.03e-09	1.21e-07	0.000274	7.59e-06	1.0	"FALSE"	"None"
"IC190422A"	132465	3856549	2019-04-22 05:59:42.071572	58595.24979249506	"gfu-bronze"	166.9	17.39	3.21	3.03	2.0	2.56	170.0	1.19	0.513	5.78e-07	3.36e-10	1.0	4.68e-09	1.43e-06	"FALSE"	"None"
"IC190503A"	132508	42419327	2019-05-03 17:23:08.727514	58606.72440656845	"ehe-gold"	120.19	6.43	0.66	0.66	0.68	0.75	142.0	1.75	0.341	3.12e-05	5.51e-06	0.111	0.000117	0.889	"FALSE"	"gfu-bronze"
"IC190504A"	132518	766165	2019-05-04 18:25:18.393652	58607.7675740006	"hese-bronze"	65.17	-37.26	1.67	1.14	0.61	1.09	55.0	1.88	0.386	2.52e-05	0.00203	0.0556	0.00518	0.937	"FALSE"	"None"
"IC190515A"	132577	42662743	2019-05-15 10:48:52.825458	58618.45061140577	"gfu-gold"	127.88	12.6	0.79	0.83	0.5	0.46	457.0	0.44	0.816	5.39e-09	1.35e-08	0.00283	2.26e-05	0.997	"FALSE"	"gfu-bronze"
"IC190613A"	132684	5635104	2019-06-13 19:54:18.125833	58647.82937645641	"gfu-gold"	312.19	26.57	0.66	0.79	0.75	0.71	195.0	0.72	0.606	1.17e-09	7.05e-07	0.000701	0.000129	0.999	"FALSE"	"gfu-bronze"
"IC190619A"	132707	54984442	2019-06-19 13:14:18.048381	58653.5515977822	"gfu-gold"	343.52	10.28	4.13	3.16	2.02	2.76	199.0	0.98	0.547	4.39e-08	8.16999999999999e-05	0.000105	9.72999999999999e-05	1.0	"FALSE"	"gfu-bronze"
"IC190629A"	132768	5390846	2019-06-29 19:24:15.120701	58663.80850834146	"gfu-bronze"	29.12	84.56	39.68	118.65	4.66	4.4	109.0	0.64	0.343	5.12e-05	9.5e-10	1.0	3.5e-09	9e-09	"FALSE"	"None"
"IC190704A"	132792	60166398	2019-07-04 18:48:52.254137	58668.78393812659	"gfu-bronze"	161.81	26.9	2.15	3.91	1.94	1.91	155.0	1.0	0.486	3.33e-09	3.01e-11	1.0	1.49e-10	1.73e-05	"FALSE"	"None"
"IC190712A"	132814	44222682	2019-07-12 01:15:17.386657	58676.05228456779	"gfu-bronze"	76.64	12.75	5.23	6.99	4.79	2.82	109.0	2.61	0.304	5.84e-09	8.24e-07	0.000641	5.57e-05	0.999	"FALSE"	"None"
"IC190730A"	132910	57145925	2019-07-30 20:50:41.311032	58694.86853369251	"gfu-gold"	226.14	10.77	1.27	1.98	1.03	1.17	298.0	0.68	0.67	1.77e-08	4.27e-08	0.0449	2.21e-05	0.955	"FALSE"	"gfu-bronze"
"IC190819A"	132974	67924813	2019-08-19 17:34:24.236899	58714.73222496411	"gfu-bronze"	148.54	1.45	2.29	3.3	0.93	0.75	113.0	3.85	0.293	1.96e-06	1.36e-06	0.0957	7.55e-05	0.904	"FALSE"	"None"
"IC190922A"	133091	81419	2019-09-22 09:42:45.628765	58748.40469477737	"ehe-gold"	167.3	-22.27	2.81	2.72	3.39	3.31	3114.0	0.23	0.202	3.75e-05	0.000422	6.36e-05	0.000227	0.999	"FALSE"	"None"
"IC190922B"	133092	52499868	2019-09-22 23:03:55.566155	58748.96105979347	"gfu-gold"	5.71	-1.53	1.19	1.27	0.9	0.78	187.0	1.33	0.504	2.68e-05	5.19e-06	0.0032	0.000217	0.997	"FALSE"	"gfu-bronze"
"IC191001A"	133119	22683750	2019-10-01 20:09:18.174021	58757.8397936808	"gfu-gold"	313.99	12.79	6.94	2.46	1.65	1.64	218.0	0.86	0.59	3.22e-05	2.21e-10	1.0	6.14e-09	9.03e-07	"FALSE"	"gfu-bronze"
"IC191119A"	133331	47828126	2019-11-19 01:01:29.382820	58806.04270119005	"gfu-gold"	229.31	3.77	5.49	4.97	2.47	2.24	177.0	1.54	0.451	2.54e-08	2.41e-07	0.000172	9.60999999999999e-06	1.0	"FALSE"	"gfu-bronze"
"IC191122A"	133348	80807014	2019-11-22 22:45:10.495756	58809.94803814533	"gfu-bronze"	27.03	0.07	1.98	2.72	1.08	1.57	127.0	3.13	0.329	5.35e-08	1.9e-07	0.000216	7.18e-05	1.0	"FALSE"	"None"
"IC191204A"	133394	27261780	2019-12-04 22:46:11.315031	58821.94874207213	"gfu-bronze"	80.16	2.87	2.42	1.98	1.05	0.97	130.0	3.22	0.326	1.73e-06	4.71e-07	0.0116	0.00055	0.988	"FALSE"	"None"
"IC191215A"	133433	29047901	2019-12-15 11:09:57.632291	58832.46525037375	"gfu-bronze"	286.83	58.45	2.27	1.92	2.08	1.86	133.0	0.34	0.476	1.95e-14	6.86e-10	7.51e-06	5.24e-07	1.0	"FALSE"	"None"
"IC191231A"	133572	82361476	2019-12-31 11:00:06.079026	58848.45840369244	"gfu-bronze"	48.47	20.11	5.98	7.65	4.48	3.73	156.0	1.55	0.464	4.87e-08	0.000102	7.64e-05	0.000108	1.0	"FALSE"	"None"
"IC200109A"	133609	37927131	2020-01-09 23:41:39.938424	58857.98726780584	"gfu-gold"	165.45	11.8	3.6	4.39	1.18	1.29	375.0	0.64	0.769	5.19e-12	2.2e-06	2.1e-08	2.21e-05	1.0	"FALSE"	"gfu-bronze"
"IC200117A"	133634	1410505	2020-01-17 11:08:29.690655	58865.46423253074	"gfu-bronze"	116.02	29.18	0.79	1.19	0.86	0.81	108.0	1.93	0.375	3.83e-12	3.18e-08	5.09e-06	1.1e-05	1.0	"FALSE"	"None"
"IC200120A"	133644	43767651	2020-01-20 18:48:18.558693	58868.78354813303	"gfu-bronze"	67.41	-14.59	0.4	0.31	0.23	0.27	6055.0	0.37	0.314	2.31e-05	6.09e-05	0.000504	9.45e-05	0.999	"TRUE"	"None"
"IC200410A"	133945	24635982	2020-04-10 23:19:55.489386	58949.97217001604	"gfu-bronze"	242.58	11.61	10.2	10.2	7.83	6.19	110	2.55	0.305	1.2e-09	2.04e-07	6.8e-05	1.12e-05	1.0	"FALSE"	"None"
"IC200421A"	133985	60770138	2020-04-21 00:35:24.240594	58960.02458611799	"gfu-bronze"	87.93	8.23	3.43	2.81	2.08	1.81	127	2.79	0.333	1.16e-08	4.38e-12	1.0	8.82999999999999e-11	5.19e-08	"FALSE"	"None"
"IC200425A"	134013	16038252	2020-04-25 23:26:46.349615	58964.97692534277	"gfu-bronze"	99.97	53.72	4.76	3.0	2.25	1.69	135	0.52	0.481	4.76e-17	2.03e-10	5.53e-10	1.61e-09	1.0	"FALSE"	"None"
"IC200512A"	134081	58268464	2020-05-12 07:31:27.758794	58981.31351572679	"gfu-bronze"	295.18	15.79	1.67	2.24	1.24	1.28	109	2.61	0.322	4.44e-10	2.63e-08	7.54e-05	3.16e-06	1.0	"FALSE"	"None"
"IC200523A"	134116	58596690	2020-05-23 02:30:07.595120	58992.10425457315	"gfu-bronze"	338.64	1.75	9.98	6.02	1.79	3.51	105	4.91	0.25	2.71e-09	6.66e-08	4.29e-05	1.2e-05	1.0	"FALSE"	"None"
"IC200530A"	134139	35473338	2020-05-30 07:54:29.433350	58999.32950733045	"ehe-gold"	255.37	26.61	2.46	2.55	2.32	3.25	82	1.95	0.59	3.89e-10	9.9e-07	2.09e-06	2.6e-06	1.0	"FALSE"	"None"
"IC200614A"	134187	72386329	2020-06-14 12:41:21.419061	59014.52872012802	"gfu-bronze"	33.84	31.61	4.79	6.37	2.71	2.25	115	1.48	0.415	2.11e-05	1.08e-09	1.0	4.09e-10	2.87e-08	"FALSE"	"None"
"IC200615A"	134191	17593623	2020-06-15 14:49:17.376954	59015.61756223327	"gfu-gold"	142.95	3.66	1.14	1.41	1.16	1.01	496	0.29	0.828	2.04e-07	5.64e-07	6.66999999999999e-05	2.94e-05	1.0	"FALSE"	"ehe-gold,gfu-bronze"
"IC200620A"	134207	33533447	2020-06-20 03:03:32.281902	59020.12745696646	"gfu-bronze"	162.11	11.95	0.62	0.92	0.61	0.46	114	2.32	0.325	3.51e-07	1.46e-07	0.00251	0.000974	0.997	"FALSE"	"None"
"IC200806A"	134354	59221243	2020-08-06 13:50:56.434581	59067.57704206692	"gfu-bronze"	157.25	47.75	1.17	0.87	0.64	0.59	107	0.79	0.397	1.29e-08	5.75e-10	0.0405	7.73e-05	0.959	"FALSE"	"None"
"IC200911A"	134482	27754576	2020-09-11 14:19:46.231447	59103.59706286398	"gfu-bronze"	51.11	38.11	4.39	10.99	2.31	1.97	111	0.97	0.408	1.23e-08	0.548	0.000699	1.9e-06	0.451	"FALSE"	"None"
"IC200916A"	134498	12605830	2020-09-16 20:40:30.957162	59108.8614694116	"gfu-bronze"	109.78	14.36	1.05	1.41	0.85	0.81	110	2.48	0.322	6.98e-08	4.1e-11	1.0	1.83e-10	4.46e-06	"FALSE"	"None"
"IC200921A"	134512	71996695	2020-09-21 19:07:12.893393	59113.79667700687	"gfu-bronze"	195.29	26.24	2.33	1.71	1.46	1.73	117	1.59	0.409	8.24e-13	1.35e-07	4.68e-07	5.31e-06	1.0	"FALSE"	"None"
"IC200926A"	134533	53384881	2020-09-26 07:54:11.620667	59118.32930116513	"ehe-gold"	96.46	-4.33	0.7	0.53	0.6	0.75	670	0.54	0.44	3.76e-05	1.19e-07	1.0	1.12e-08	7.18e-06	"FALSE"	"hese-bronze"
"IC200926B"	134535	41069485	2020-09-26 22:35:29.229021	59118.94131052108	"gfu-bronze"	184.75	32.93	3.65	1.54	1.16	0.88	121	1.29	0.434	7.48e-11	3.46e-09	3.84e-08	4.58e-05	1.0	"FALSE"	"None"
"IC200929A"	134552	68615710	2020-09-29 17:48:36.839240	59121.74209304676	"gfu-gold"	29.53	3.47	0.53	0.53	0.71	0.34	183	1.41	0.475	4.37e-08	1.25e-07	0.00278	0.00016	0.997	"FALSE"	"gfu-bronze"
"IC201007A"	134577	31638233	2020-10-07 22:01:49.286503	59129.91793155675	"gfu-gold"	265.17	5.34	0.48	0.48	0.3	0.19	683	0.26	0.885	1.31e-07	1.5e-08	0.0469	0.000186	0.953	"FALSE"	"ehe-gold,gfu-bronze"
"IC201014A"	134599	66310113	2020-10-14 02:13:27.531912	59136.0926797675	"gfu-bronze"	221.22	14.44	0.97	1.19	0.66	0.46	147	1.71	0.414	5.38e-05	2.02e-07	1.0	1.29e-08	3.92e-06	"FALSE"	"hese-bronze"
"IC201021A"	134621	31008065	2020-10-21 06:37:47.483149	59143.27624401794	"gfu-bronze"	260.82	14.55	1.71	1.67	1.31	0.69	105	2.99	0.297	1.44e-12	4.9e-08	2.17e-07	1.32e-07	1.0	"FALSE"	"None"
"IC201114A"	134698	40735501	2020-11-14 15:05:31.964633	59167.62884218325	"gfu-gold"	105.73	5.87	0.92	1.27	1.05	1.01	214	0.92	0.562	4.24e-09	6.83e-07	8.32e-06	2.06e-05	1.0	"FALSE"	"gfu-bronze"
"IC201115A"	134699	70289682	2020-11-15 02:07:26.213474	59168.08849784114	"gfu-gold"	195.12	1.38	1.23	1.45	1.27	1.08	177	1.52	0.46	1.46e-09	2.28e-07	3.21e-05	5.59e-07	1.0	"FALSE"	"gfu-bronze"
"IC201120A"	134715	65785778	2020-11-20 09:44:40.556529	59173.40602495983	"gfu-bronze"	307.66	40.72	5.19	5.68	5.02	2.75	154	0.29	0.503	6.9e-13	2.56e-08	2.49e-07	1.12e-05	1.0	"FALSE"	"None"
"IC201130A"	134751	31476488	2020-11-30 20:21:46.475580	59183.84845457848	"ehe-gold"	30.54	-12.1	1.1	1.27	1.14	1.11	203	1.32	0.15	0.000122	0.00077	0.00433	0.00149	0.993	"FALSE"	"None"
"IC201209A"	134777	8912764	2020-12-09 10:15:43.943730	59192.42759194133	"ehe-gold"	6.86	-9.25	1.01	1.19	0.94	1.1	419	0.77	0.19	3.61e-05	1.4e-10	1.0	4.24e-10	9.75999999999999e-09	"FALSE"	"None"
"IC201221A"	134817	29175858	2020-12-21 12:36:53.454901	59204.52561869099	"gfu-gold"	261.69	41.81	2.28	2.46	1.25	1.14	175	0.15	0.564	2.93e-14	2.21e-10	2.07e-08	4.61e-05	1.0	"FALSE"	"gfu-bronze"
"IC201222A"	134818	73718836	2020-12-22 00:56:16.144536	59205.03907574695	"gfu-gold"	206.37	13.44	0.88	0.75	0.54	0.34	186	1.01	0.534	2.66e-07	1.09e-06	0.00192	1.21e-05	0.998	"FALSE"	"ehe-gold,gfu-bronze"
"IC210210A"	134979	17138286	2021-02-10 11:53:55.646044	59255.49578294034	"gfu-gold"	206.06	4.78	1.36	0.92	0.52	0.6	287	0.46	0.655	2.64e-05	8.05999999999999e-05	9.38e-05	0.000744	0.999	"False"	"ehe-gold,gfu-bronze"
"IC210503A"	135251	10024822	2021-05-03 22:19:32.960612	59337.93024259968	"gfu-bronze"	143.53	41.81	8.26	5.63	6.03	5.45	111	0.66	0.414	4.34e-13	7.85e-09	1.82e-08	5.87e-06	1.0	"False"	"None"
"IC210510A"	135270	69188496	2021-05-10 04:50:10.738869	59344.20151318136	"gfu-bronze"	268.42	3.81	1.41	1.58	0.6	0.67	113	3.94	0.281	2.65e-06	8.65e-07	0.00112	6.66e-05	0.999	"False"	"None"
"IC210516A"	135292	56063172	2021-05-16 14:38:20.337025	59350.60995760446	"gfu-bronze"	91.76	9.52	0.97	0.97	0.53	0.45	109	3.1	0.289	7.13e-06	4.43e-07	0.07	0.000132	0.93	"False"	"None"
"IC210608A"	135363	69917294	2021-06-08 03:41:00.975068	59373.15348350774	"gfu-bronze"	337.41	18.37	4.92	10.46	3.2	4.22	105	3.07	0.315	2.79e-11	1.26e-06	2.06e-07	2.55e-05	1.0	"False"	"None"
"IC210629A"	135440	3139778	2021-06-29 18:09:44.225537	59394.75676186965	"gfu-bronze"	340.75	12.94	1.05	2.2	0.92	0.84	121	2.08	0.351	1.37e-08	9.39999999999999e-08	0.00082	2.07e-05	0.999	"False"	"None"
"IC210717A"	135504	28341937	2021-07-17 15:44:59.100570	59412.65623958994	"hese-bronze"	46.49	-1.34	2.37	2.55	3.36	3.06	127	0.69	0.39	3.53e-07	1.33e-10	1.0	9.34e-11	2.88e-09	"False"	"None"
"IC210730A"	135553	7213992	2021-07-30 22:12:40.629541	59425.92547024933	"gfu-bronze"	105.73	14.79	1.93	1.85	0.85	0.85	109	2.54	0.319	9.34999999999999e-09	9.88e-08	0.0126	0.000223	0.987	"False"	"None"
"IC210811A"	135591	36044887	2021-08-11 02:02:44.037543	59437.08523191601	"gfu-gold"	270.79	25.28	1.05	1.05	0.82	0.74	218	0.69	0.658	5.5e-12	1.44e-08	0.000112	1.11e-06	1.0	"False"	"gfu-bronze"
"IC210922A"	135736	30987826	2021-09-22 18:17:20.948096	59479.76204801038	"gfu-gold"	60.73	-4.18	0.88	0.62	0.52	0.37	751	0.15	0.925	3.59e-06	3.42e-09	0.536	1.12e-05	0.464	"False"	"ehe-gold,gfu-bronze"
"IC211023A"	135832	55176071	2021-10-23 08:31:18.317772	59510.35507312237	"gfu-bronze"	253.3	-1.72	0.97	1.05	1.05	1.12	121	3.21	0.326	1.72e-08	1.37e-08	9.27e-05	2.76e-05	1.0	"False"	"None"
"IC211116A"	135906	30719293	2021-11-16 10:33:16.052476	59534.43976912589	"gfu-bronze"	42.45	0.15	1.32	1.49	0.9	0.97	161	1.94	0.402	1.85e-07	2.5e-06	1.31e-06	0.00023	1.0	"False"	"None"
"IC211117A"	135908	43512334	2021-11-17 03:50:57.184	59535.16038407407	"gfu-gold"	225.35	-0.07	0.71	0.79	0.48	0.49	195	1.17	0.526	8.56e-08	1.29e-08	0.0388	0.000213	0.961	"False"	"gfu-bronze"
"IC211123A"	135930	15193553	2021-11-23 14:25:22.607102	59541.60095610072	"gfu-bronze"	265.52	7.33	3.69	3.16	2.48	2.34	142	2.57	0.356	1.57e-08	6.26e-08	2.03e-05	3.34e-06	1.0	"False"	"None"
"IC211125A"	135936	74588253	2021-11-25 06:22:21.556349	59543.26552727257	"gfu-bronze"	43.59	22.59	3.43	2.72	2.48	1.46	118	1.97	0.39	7.15e-07	7.44e-06	0.966	0.000288	0.0334	"False"	"None"
"IC211208A"	136015	21306805	2021-12-08 20:02:51.091465	59556.83531355863	"gfu-bronze"	114.52	15.56	2.72	2.46	1.39	1.79	171	1.2	0.502	5.95e-09	9.38e-07	0.000132	4.05e-05	1.0	"False"	"None"
"IC211216A"	136055	348073	2021-12-16 07:07:38.137936	59564.29696918908	"gfu-bronze"	316.05	15.79	2.55	1.93	1.62	1.24	113	2.37	0.343	1.5e-07	3.54e-08	0.999	4.74e-08	0.00104	"False"	"None"
"IC211216B"	136057	6147475	2021-12-16 23:41:13.939514	59564.98696689253	"gfu-bronze"	199.34	17.04	1.58	1.76	1.32	1.33	113	2.39	0.346	2.04e-09	1.18e-06	6.07e-06	2.54e-05	1.0	"False"	"None"
"IC220115A"	136170	48281000	2022-01-15 12:11:39.754405	59594.50809900933	"gfu-bronze"	357.45	25.28	1.67	1.14	0.9	0.99	110	2.09	0.37	9.54e-13	6.38e-08	2.46e-06	1.13e-07	1.0	"False"	"None"
"IC220202A"	136241	22093816	2022-02-02 11:48:38.589041	59612.49211329909	"ehe-gold"	21.36	-3.88	1.05	0.7	0.6	0.37	151	1.93	0.206	0.000176	1.2e-06	0.253	0.000502	0.746	"False"	"None"
"IC220205A"	136249	27650203	2022-02-05 00:22:39.739625	59615.01573772715	"gfu-bronze"	216.12	15.56	3.16	3.69	2.62	3.2	110	2.52	0.322	6.63e-12	6.97e-07	3.72e-07	3.23e-06	1.0	"False"	"None"
"IC220205B"	136260	4895987	2022-02-05 20:08:10.590	59615.83901145833	"gfu-gold"	267.01	-3.66	0.67	0.56	0.41	0.5	216	0.73	0.595	1.42e-06	1.98e-07	0.0115	0.00013	0.988	"False"	"gfu-bronze"
"IC220221A"	136348	65788242	2022-02-21 00:42:19.118797	59631.02938794905	"hese-gold"	287.84	20.74	4.57	4.39	2.22	4.46	157	0.36	0.673	8.07e-07	2.55e-07	0.999	6.45e-08	0.00117	"False"	"hese-bronze"
"IC220225A"	136366	14203460	2022-02-25 14:12:00.684265	59635.59167458641	"gfu-bronze"	34.72	0.0	3.16	2.55	1.42	1.79	154	2.33	0.378	0.0	1.0	0.0	0.0	0.0	"False"	"None"
"IC220303A"	136385	7450363	2022-03-03 18:00:07.621977	59641.75008821733	"gfu-gold"	267.8	11.42	1.49	1.14	1.06	0.84	398	0.54	0.764	1.1e-08	3.65e-07	0.000498	0.000165	0.999	"False"	"ehe-gold,gfu-bronze"
"IC220304A"	136388	4701751	2022-03-04 17:44:12.213316	59642.73903024672	"gfu-gold"	48.78	4.48	8.09	6.5	5.0	6.25	263	0.58	0.631	3.86e-07	2.84e-05	0.000194	0.000195	1.0	"False"	"gfu-bronze"
"IC220306A"	136392	25495567	2022-03-06 03:46:37.067739	59644.15737346921	"gfu-gold"	314.82	8.61	0.53	0.44	0.53	0.45	413	0.45	0.774	1.62e-07	3.2e-07	0.000308	5.63e-05	1.0	"False"	"ehe-gold,gfu-bronze"
"IC220317A"	136441	11435033	2022-03-17 02:32:17.682850	59655.10576021818	"gfu-bronze"	155.74	11.19	2.2	1.67	1.37	0.99	133	1.9	0.365	4.79e-10	1.82e-09	0.00231	1.14e-05	0.998	"False"	"None"
"IC220405A"	136504	1833389	2022-04-05 04:57:26.115707	59674.20655226513	"gfu-bronze"	134.47	-1.27	1.67	1.67	0.97	1.42	122	3.28	0.323	2.54e-06	3.8e-07	0.15	0.000546	0.849	"False"	"None"
"IC220405B"	136506	15341152	2022-04-05 22:20:03.412949	59674.93059505728	"gfu-bronze"	320.62	29.06	1.32	1.05	0.68	0.94	106	2.02	0.364	4.74e-12	5.23e-07	2.96e-08	1.05e-05	1.0	"False"	"None"
"IC220421A"	136556	43687362	2022-04-21 05:20:18.257483	59690.22243353568	"gfu-bronze"	113.64	5.83	3.69	2.72	1.65	2.18	155	2.28	0.375	6.42e-10	5.68e-08	7.92e-06	1.08e-05	1.0	"False"	"None"
"IC220424A"	136565	2186969	2022-04-24 01:06:24.063851	59693.04611185014	"gfu-gold"	346.11	8.91	1.23	1.32	0.98	0.91	184	1.21	0.497	4.61e-09	2.92e-08	1.68e-05	4.45e-05	1.0	"False"	"gfu-bronze"
"IC220425A"	136568	17854328	2022-04-25 02:44:57.815961	59694.11455805511	"ehe-gold"	268.24	-10.73	1.93	1.58	1.45	1.67	604	0.57	0.169	3.91e-05	4.24e-05	0.000446	2.28e-05	0.999	"False"	"None"
"IC220501A"	136588	56014830	2022-05-01 22:50:58.635440	59700.95206753982	"gfu-bronze"	311.57	18.68	0.79	1.05	0.86	1.03	127	2.11	0.396	4.45e-09	4.73e-08	0.0126	1.18e-05	0.987	"False"	"None"
"IC220509A"	136615	14688828	2022-05-09 18:19:04.116187	59708.7632420855	"gfu-gold"	334.25	5.38	1.93	1.41	1.65	1.58	177	1.53	0.446	4.41e-06	6.35e-06	0.0007	0.0065	0.993	"False"	"gfu-bronze"
"IC220513A"	136627	61640402	2022-05-13 23:23:12.606408	59712.97445146306	"gfu-gold"	224.03	-1.34	1.32	1.23	0.75	0.67	208	0.94	0.56	8.98e-10	8.93e-10	0.000227	3.68e-06	1.0	"False"	"gfu-bronze"
"IC220524A"	136662	35405932	2022-05-24 07:41:32.185352	59723.32051140454	"gfu-bronze"	47.2	-3.28	4.75	2.46	0.82	0.82	116	2.86	0.336	4.96e-06	2.62e-05	0.0121	2.41e-05	0.988	"False"	"None"
"IC220624A"	136766	7637140	2022-06-24 16:13:16.405259	59754.67588432013	"gfu-gold"	224.12	41.31	2.2	1.93	1.47	1.5	193	0.17	0.609	0.0	1.0	0.0	0.0	0.0	"False"	"gfu-bronze"
"IC220627A"	136775	22443736	2022-06-27 17:51:54.275870	59757.74437819295	"gfu-bronze"	165.59	5.3	2.81	5.89	1.65	1.8	126	3.45	0.314	7.15e-09	1.82e-08	1.88e-05	3.1e-06	1.0	"False"	"None"
"IC220629A"	136783	66879340	2022-06-29 23:51:31.692950	59759.99411681655	"gfu-bronze"	163.92	4.33	0.79	0.62	0.3	0.45	119	3.64	0.301	4.95e-06	1.14e-06	0.00197	6.05e-05	0.998	"False"	"None"
"IC220822A"	136973	28816141	2022-08-22 20:26:30.030017	59813.85173645854	"gfu-bronze"	273.08	21.54	2.46	2.46	1.12	0.89	115	2.01	0.383	2.01e-06	5.89e-11	1.0	8.96e-10	1.23e-07	"False"	"None"
"IC220907A"	137019	70165712	2022-09-07 06:46:47.515983	59829.28249439796	"gfu-bronze"	224.81	44.7	2.04	1.94	0.99	0.89	128	0.46	0.46	1.71e-05	1.35e-08	1.0	8.47e-09	3.4e-06	"False"	"None"
"IC220918A"	137065	22012496	2022-09-18 12:46:05.322758	59840.53200605045	"gfu-bronze"	75.15	3.58	4.22	3.34	3.51	4.12	168	1.71	0.418	5.52e-09	1.57e-05	7.12e-05	0.000112	1.0	"False"	"None"
"IC220928A"	137096	70551815	2022-09-28 12:32:38.300221	59850.52266551182	"gfu-bronze"	207.42	10.43	1.41	2.46	0.91	0.91	143	1.99	0.378	5.92e-08	3.35e-10	0.638	3.13e-06	0.362	"False"	"None"
"IC221104A"	137217	75180896	2022-11-04 06:10:08.180770	59887.25703912928	"gfu-bronze"	209.62	15.09	0.7	0.88	0.77	0.77	109	2.63	0.316	2.27e-05	3.63e-08	0.989	5.35e-07	0.0114	"False"	"None"
"IC221124A"	137296	24212476	2022-11-24 15:46:02.269293	59907.65697070942	"gfu-bronze"	298.92	3.73	2.46	3.52	1.2	0.97	144	2.79	0.35	0.000227	2.13e-06	0.996	0.000279	0.00324	"False"	"None"
"IC221210A"	137350	7930341	2022-12-10 08:35:11.239203	59923.35776897227	"gfu-bronze"	332.58	22.75	10.46	10.81	4.46	8.55	165	0.95	0.508	2.41e-08	1.81e-06	0.00103	0.00013	0.999	"False"	"None"
"IC221216A"	137390	43495485	2022-12-16 06:00:14.017752	59929.2501622425	"gfu-bronze"	6.86	10.43	1.05	2.02	1.06	1.52	156	1.59	0.414	5.43e-11	4.19e-07	3.73e-05	7.88999999999999e-05	1.0	"False"	"None"
"IC221223A"	137467	64735045	2022-12-23 07:43:00.520	59936.3215337963	"gfu-gold"	349.63	34.32	0.82	1.09	0.67	0.52	353	0.25	0.795	1.83e-15	2.92e-09	3.13e-09	5.36e-09	1.0	"False"	"gfu-bronze"
"IC221224A"	137469	77414913	2022-12-24 00:55:09.290918	59937.03830197822	"gfu-bronze"	335.74	1.42	0.97	0.7	0.3	0.37	111	4.12	0.278	7.47999999999999e-08	1.34e-07	0.00248	2.4e-05	0.997	"False"	"None"
"IC221229A"	137487	35344578	2022-12-29 07:25:27.884369	59942.30935051353	"gfu-gold"	31.9	4.18	1.67	1.49	0.82	1.35	205	1.01	0.544	3.73e-06	2.31e-09	1.0	2.28e-08	1.84e-06	"False"	"gfu-bronze"
"IC230112A"	137537	52990531	2023-01-12 06:44:50.603724	59956.28114124681	"gfu-bronze"	24.35	0.9	1.41	1.67	1.19	0.6	111	4.05	0.284	8.49e-05	1.57e-06	0.187	0.000211	0.813	"False"	"None"
"IC230122A"	137571	16496893	2023-01-22 03:50:02.000612	59966.15974537747	"gfu-bronze"	16.79	7.78	3.52	2.64	3.53	3.56	108	3.62	0.273	2.08e-10	6.08e-09	0.000382	4.1e-05	1.0	"False"	"None"
"IC230201A"	137603	30799022	2023-02-01 06:20:54.421489	59976.26451876725	"gfu-bronze"	345.41	12.1	2.37	3.6	1.52	1.61	121	2.07	0.348	2.81e-10	5.87e-09	0.000107	4.96e-06	1.0	"False"	"None"
"IC230217A"	137661	22129736	2023-02-17 20:49:43.375551	59992.86786314296	"hese-bronze"	124.54	20.74	1.58	3.52	2.38	2.49	55	1.88	0.454	1.8e-05	2.45e-08	1.0	5.01e-07	0.000248	"False"	"None"
"IC230220A"	137668	51133257	2023-02-20 07:39:10.800	59995.318875	"gfu-bronze"	359.03	3.13	0.71	0.7	0.42	0.54	152	2.52	0.364	2.58e-06	1.16e-07	0.227	9.03e-05	0.773	"False"	"None"
"IC230306A"	137711	79205800	2023-03-06 10:59:30.413953	60009.45799090224	"gfu-gold"	72.86	34.23	0.79	0.88	0.81	0.82	175	0.71	0.564	1.14e-11	2.52e-06	6.28e-06	1.58e-05	1.0	"False"	"gfu-bronze"
"IC230401A"	137794	38132005	2023-04-01 16:14:18.906662	60035.67660771601	"gfu-bronze"	8.17	1.94	4.39	3.16	1.94	2.77	111	4.11	0.274	3.04e-07	1.21e-11	1.0	4e-08	2.65e-06	"False"	"None"
"IC230405A"	137806	8756840	2023-04-05 13:20:20.045502	60039.55578756369	"gfu-bronze"	120.85	9.75	2.81	5.45	2.11	1.82	110	2.84	0.299	2.73e-10	7.91e-07	4.55e-07	2.24e-06	1.0	"False"	"None"
"IC230416A"	137840	57034692	2023-04-16 05:22:26.150574	60050.2239137798	"gfu-bronze"	345.85	9.14	0.88	0.97	0.75	0.76	127	2.53	0.341	1.82e-07	2.03e-07	0.000234	7.44e-05	1.0	"False"	"None"
"IC230506A"	137910	29871391	2023-05-06 15:53:45.937719	60070.66233724213	"gfu-gold"	50.19	21.06	4.57	2.99	2.14	3.48	211	0.76	0.643	2.16e-05	6.14e-09	1.0	1.26e-07	1.17e-06	"False"	"gfu-bronze,hese-bronze"
"IC230511A"	137932	1791376	2023-05-11 18:03:50.104434	60075.75266324577	"gfu-bronze"	17.05	37.08	3.96	3.6	4.19	3.84	167	0.49	0.546	2.23e-10	2.76e-07	4.93e-05	1.11e-05	1.0	"False"	"None"
"IC230524A"	137971	11526243	2023-05-24 11:09:36.248723	60088.46500287874	"gfu-bronze"	318.43	2.84	3.52	2.55	2.39	2.47	109	4.25	0.267	1.68e-07	3.93e-07	0.00105	0.00172	0.997	"False"	"None"
"IC230603A"	138005	24780443	2023-06-03 05:00:47.130120	60098.20887882084	"gfu-bronze"	68.2	24.21	2.55	2.99	2.51	2.06	145	1.24	0.456	2.04e-12	8.08e-08	1e-08	7.41e-06	1.0	"False"	"None"
"IC230707A"	138125	11333473	2023-07-07 16:58:50.035539	60132.70752355949	"gfu-gold"	269.03	-1.94	0.88	0.7	0.52	0.52	280	0.44	0.663	0.000132	8.72e-10	1.0	5.57e-07	0.00025	"False"	"ehe-gold,gfu-bronze,hese-bronze"
"IC230707B"	138125	29513102	2023-07-07 18:56:51.435389	60132.7894842059	"gfu-bronze"	127.18	20.74	10.63	8.96	9.25	9.95	154	1.36	0.466	1.63e-11	8.32e-07	1.04e-07	2.01e-05	1.0	"False"	"None"
"IC230708A"	138131	35302784	2023-07-08 08:17:05.211280	60133.34519920464	"gfu-gold"	270.7	8.46	4.13	4.83	2.41	2.88	208	0.94	0.56	1.22e-11	1.25e-08	7.66e-06	1.42e-06	1.0	"False"	"gfu-bronze"
"IC230724A"	138181	66037171	2023-07-24 01:49:13.38	60149.0758493	"gfu-gold"	32.52	-1.87	0.58	0.4	0.23	0.33	191	1.1738	0.526	8.03e-09	6.6e-09	0.00735	2.08e-06	0.993	"False"	"gfu-bronze"
"IC230725A"	138193	21103478	2023-07-25 21:30:51.063687	60150.89642434823	"gfu-bronze"	327.04	12.33	2.2	2.02	1.3	1.76	145	1.68	0.394	2.27e-07	2.18e-10	1.0	3.76e-09	0.000132	"False"	"None"
"IC230727A"	138198	44334860	2023-07-27 16:05:39.630288	60152.67059757279	"gfu-bronze"	33.66	7.63	1.14	0.7	0.6	0.68	113	3.38	0.294	4.88e-06	9.16e-10	1.0	1.08e-07	5.29e-05	"False"	"None"
"IC230914A"	138354	45413430	2023-09-14 05:21:03.717216	60201.22295969	"gfu-bronze"	163.83	31.83	2.55	2.02	2.08	1.77	168	0.88	0.544	2.76e-13	8.77e-08	3.22e-08	2.96e-07	1.0	"False"	"None"
"IC231004A"	138415	56188508	2023-10-04 14:39:41.180329	60221.61089329085	"gfu-gold"	143.79	25.04	1.05	0.97	1.15	0.99	442	0.45	0.842	8.75e-11	1.44e-08	0.000144	6.87e-05	1.0	"False"	"gfu-bronze"
"IC231014A"	138449	20481611	2023-10-14 22:00:06.269328	60231.91673922834	"gfu-bronze"	297.16	1.34	2.72	4.57	1.27	1.19	105	4.85	0.254	7.88e-09	1.3e-06	8.94e-06	9.41e-05	1.0	"False"	"None"
